-- [Wild-type D. melanogaster] --

AAAA, 2.000, 0.392770722638, 0.309794308274, 0.198560657764, 0.373902330939
AAAT, 2.000, 0.29298985534, 0.392725890262, 0.201495740522, 0.404298220583
AAAG, 2.000, 0.325472897245, 0.144250723639, 0.419704208972, 0.586581190277
AAAC, 2.000, 0.489534716286, 0.362357350372, 0.228601265426, 0.249384749539
AATA, 2.000, 0.313554816779, 0.437681408252, 0.212302247185, 0.223053762906
AATT, 2.000, 0.80184845578, 0.672007729342, 0.171897706964, 0.321115936476
AATG, 2.000, 0.36992933573, 0.254319902697, 0.183330272198, 0.621203754664
AATC, 2.000, 0.608852330518, 0.386773206372, 0.274533415625, 0.242530324797
AAGA, 2.000, 0.525839587135, 0.471601105068, 0.539767187094, 0.291457094595
AAGT, 2.000, 0.208766220148, 0.770173974083, 0.327624313604, 0.322483047567
AAGG, 2.000, 0.752750989078, 0.51360051208, 0.523459476663, 0.430501125594
AAGC, 2.000, 0.363597012166, 0.265044266892, 0.222693075452, 0.226486796858
AACA, 2.000, 0.434067478937, 0.322983919214, 0.441864864153, 0.468071796866
AACT, 2.000, 0.478885707846, 0.46533676174, 0.317579557326, 0.115876050498
AACG, 2.000, 0.889805901341, 0.724519811949, 0.609254996482, 0.125001425629
AACC, 1.000, 0.160200028353, 0.214345561436, 0.0459654152966, 0.00633245939594
ATAA, 2.000, 0.456016978321, 0.128740978008, 0.441419411353, 0.240958788652
ATAT, 2.000, 0.189496827712, 0.314078117552, 0.390982271077, 0.468922702856
ATAG, 2.000, 0.967160959628, 0.713872315755, 0.659733955275, 0.0555405127954
ATAC, 2.000, 0.533276790387, 0.301253018422, 0.142136365931, 0.377991652668
ATTA, 2.000, 0.315585673325, 0.183810235107, 0.147673777306, 0.499116681765
ATTT, 2.000, 0.19356363251, 0.339094042855, 0.40819388719, 0.34919745679
ATTG, 2.000, 0.705784325673, 0.0798298759979, 0.273482763622, 0.389195324948
ATTC, 2.000, 0.155118121534, 0.155473135079, 0.657669159822, 0.345614212754
ATGA, 2.000, 0.445263467635, 0.331027966721, 0.311288102858, 0.487641397177
ATGT, 2.000, 0.574668937423, 0.342614629898, 0.38511068935, 0.630090356418
ATGG, 2.000, 0.760046421136, 0.493795555876, 0.414753453145, 0.537890668191
ATGC, 2.000, 0.457647783782, 0.565447568621, 0.167664907557, 0.46549482502
ATCA, 2.000, 0.499408804228, 0.312087498248, 0.352114409104, 0.19596451165
ATCT, 2.000, 0.249715211949, 0.442983855906, 0.523938290191, 0.426255080416
ATCG, 2.000, 0.188065046427, 0.205180329842, 0.412385185939, 0.261645475573
ATCC, 2.000, 0.833619446883, 0.661673058972, 0.285357588182, 0.370226428669
AGAA, 2.000, 0.604039520399, 0.259811564457, 0.294036154194, 0.567943210058
AGAT, 2.000, 0.630023356303, 0.728156693596, 0.409875283001, 0.217838413619
AGAG, 2.000, 0.147047311389, 0.210124337821, 0.178008150445, 0.256601038483
AGAC, 2.000, 0.152555260886, 0.550755155441, 0.241436021814, 0.408349198333
AGTA, 2.000, 0.185480990348, 0.214939408334, 0.159445910687, 0.610361620203
AGTT, 2.000, 0.297121545679, 0.777012597903, 0.398813791559, 0.169192602531
AGTG, 3.000, 0.90018350532, 0.815810310955, 0.928922990091, 0.628394868974
AGTC, 2.000, 0.466156413868, 0.368483632972, 0.693963873484, 0.396734371319
AGGA, 2.000, 0.570566712303, 0.335144278368, 0.349898554014, 0.475032574167
AGGT, 2.000, 0.690655761606, 0.407203808715, 0.490173504265, 0.24937970036
AGGG, 1.000, 0.0832173236511, 0.0521581655263, 0.13159857447, 0.0484142120637
AGGC, 2.000, 0.481989771746, 0.493380562427, 0.236385425664, 0.0971116766909
AGCA, 2.000, 0.15640660239, 0.798636961536, 0.280601649453, 0.270160127914
AGCT, 2.000, 0.8005978734, 0.601202773779, 0.459095115034, 0.611073411457
AGCG, 2.000, 0.114743846028, 0.464392183605, 0.440890267253, 0.179354879011
AGCC, 2.000, 0.187613705718, 0.0744445612268, 0.255770120642, 0.20411218851
ACAA, 2.000, 0.226370676075, 0.282666808147, 0.388154190618, 0.240450875327
ACAT, 2.000, 0.201250432356, 0.582344870744, 0.289414596764, 0.630064879026
ACAG, 3.000, 0.773634649756, 0.699842714, 0.383660501472, 0.696559358895
ACAC, 2.000, 0.415440111686, 0.403722760408, 0.45734535079, 0.269297242076
ACTA, 2.000, 0.410667524627, 0.804191693712, 0.440152587061, 0.720202111069
ACTT, 2.000, 0.434010927175, 0.652324037752, 0.508440849738, 0.242052862985
ACTG, 2.000, 0.290599701194, 0.327980067566, 0.324975466811, 0.206044472781
ACTC, 2.000, 0.216111841519, 0.168590048639, 0.379890004103, 0.156561113768
ACGA, 2.000, 0.710447174721, 0.395138864022, 0.595713510201, 0.504242644944
ACGT, 2.000, 0.566669973924, 0.614340217858, 0.340587840788, 0.18850316064
ACGG, 2.000, 0.332194107598, 0.495741339592, 0.466547052495, 0.792743753881
ACGC, 2.000, 0.73198159648, 0.33023309539, 0.176434212097, 0.463901100918
ACCA, 2.000, 0.266488555524, 0.421073873126, 0.462770425761, 0.695984330357
ACCT, 2.000, 0.696790187683, 0.296537410476, 0.488651318723, 0.443430045795
ACCG, 2.000, 0.212758041634, 0.335881156849, 0.327528287411, 0.248511076886
ACCC, 1.000, 0.120640934627, 0.175102119012, 0.11545222742, 0.00295268053116
TAAA, 2.000, 0.599477236996, 0.327058733076, 0.358058955992, 0.30663090659
TAAT, 2.000, 0.362677936134, 0.143434084005, 0.176101072409, 0.496522450366
TAAG, 2.000, 0.396886517759, 0.0995352646955, 0.322630872533, 0.140294237794
TAAC, 2.000, 0.0268396041536, 0.04850077302, 0.263868287088, 0.209227017323
TATA, 2.000, 0.156299353572, 0.322625692462, 0.313639946544, 0.373833411118
TATT, 2.000, 0.418591740527, 0.629366583972, 0.446852637055, 0.475013287089
TATG, 2.000, 0.348310735593, 0.710717984154, 0.837474340759, 0.085572765883
TATC, 2.000, 0.663853859553, 0.125881166425, 0.383471538665, 0.213800951896
TAGA, 2.000, 0.985955466487, 0.894701673494, 0.210446490966, 0.401292877721
TAGT, 2.000, 0.677380605062, 0.425566572392, 0.724850147504, 0.503816747453
TAGG, 1.000, -0.0151284364488, 0.399774475544, 0.194958152619, 0.313338900779
TAGC, 2.000, 0.932530830636, 0.775233972892, 0.257654399408, 0.388144251419
TACA, 2.000, 0.304413805515, 0.581875160923, 0.137811368573, 0.354690898831
TACT, 2.000, 0.534683582435, 0.455022921474, 0.712856525627, 0.647108284626
TACG, 2.000, 0.554093663076, 0.429096522956, 0.403813002984, 0.717329051423
TACC, 1.000, 0.236907839804, 0.646419445581, 0.0203477604808, 0.215989138267
TTAA, 2.000, 0.484506699562, 0.312150764872, 0.446612689015, 0.469933337154
TTAT, 2.000, 0.410009257219, 0.306443021586, 0.560537962691, 0.201287417034
TTAG, 2.000, 0.287940898561, 0.831700854554, 0.445687423298, 0.577434704592
TTAC, 2.000, 0.210113486545, 0.144213561128, 0.199656289228, 0.100303413515
TTTA, 2.000, 0.294166910826, 0.210697589302, 0.372362715796, 0.311942627099
TTTT, 1.000, 0.346135452898, 0.131595557116, 0.131611013593, 0.10576264701
TTTG, 2.000, 0.182581878154, 0.424986255375, 0.281400697987, 0.344964804863
TTTC, 2.000, 0.161165684951, 0.465420556647, 0.336293274458, 0.460193980998
TTGA, 2.000, 0.25126900744, 0.259143104201, 0.367637082732, 0.307674824123
TTGT, 2.000, 0.590600757945, 0.677618924105, 0.324693777374, 0.159940541533
TTGG, 2.000, 0.299968388012, 0.530963671894, 0.410352072154, 0.509578039539
TTGC, 2.000, 0.549056705665, 0.563153722559, 0.468742739033, 0.359500454386
TTCA, 2.000, 0.311581678793, 0.352507587797, 0.22916988014, 0.35060715983
TTCT, 2.000, 0.530749816555, 0.578601660325, 0.552206488895, 0.397222802337
TTCG, 2.000, 0.218132974464, 0.213475368337, 0.305212403542, 0.449623173912
TTCC, 2.000, 0.415752160693, 0.394263895754, 0.331005761508, 0.251152799557
TGAA, 2.000, 0.534111692064, 0.240649436258, 0.251984667325, 0.246509361002
TGAT, 2.000, 0.206857834807, 0.541402748599, 0.629273485588, 0.522281666734
TGAG, 2.000, 0.617781970479, 0.30121490894, 0.244626298955, 0.300630643171
TGAC, 2.000, 0.385565563598, 0.550287549035, 0.317363808244, 0.184890326701
TGTA, 2.000, 0.343904397519, 0.358010211552, 0.380821438749, 0.518700246161
TGTT, 2.000, 0.567107707314, 0.385941820031, 0.570085251207, 0.358038369251
TGTG, 2.000, 0.541655496755, 0.366794972573, 0.355260053264, 0.684207386703
TGTC, 2.000, 0.734975098178, 0.377384854465, 0.222148687581, 0.34025043049
TGGA, 2.000, 0.477238162405, 0.281439883525, 0.525470548385, 0.285833885668
TGGT, 2.000, 0.400699968829, 0.274025637004, 0.300027920794, 0.539709544931
TGGG, 1.000, 0.183025826689, 0.0878752417749, 0.0800285514216, 0.244354070169
TGGC, 2.000, 0.332939200652, 0.295724448182, 0.341346769939, 0.472113654291
TGCA, 2.000, 0.515513689991, 0.474605214502, 0.154282767693, 0.449751952432
TGCT, 2.000, 0.233738819687, 0.550042699745, 0.43424361178, 0.47207897345
TGCG, 2.000, 0.320309311983, 0.35414384677, 0.664891304993, 0.27092242786
TGCC, 2.000, 0.50405205558, 0.389389725043, 0.199030028155, 0.150323599384
TCAA, 2.000, 0.139793261901, 0.169653275163, 0.44878138936, 0.520761142843
TCAT, 2.000, 0.273143176486, 0.344938625641, 0.280771306834, 0.177567495087
TCAG, 2.000, 0.365959701776, 0.243444573256, 0.486490302217, 0.38278819031
TCAC, 2.000, 0.470994282853, 0.304612697295, 0.392674087644, 0.0873576279633
TCTA, 2.000, 0.418887462373, 0.738234255664, 0.113301045023, 0.235113955713
TCTT, 2.000, 0.269669656439, 0.477495030021, 0.582401844112, 0.447703232069
TCTG, 2.000, 0.680449898747, 0.506633299024, 0.484018468754, 0.386294142711
TCTC, 2.000, 0.512577235294, 0.190413122277, 0.0930819102275, 0.217130941797
TCGA, 2.000, 0.573034454841, 0.230357970714, 0.354548562181, 0.527301313559
TCGT, 2.000, 0.205110270109, 0.23910759822, 0.292314106331, 0.717112656166
TCGG, 2.000, 0.43120591534, 0.389235789785, 0.419008444216, 0.173935933396
TCGC, 2.000, 0.294323016098, 0.499526860199, 0.339214849343, 0.122150989866
TCCA, 2.000, 0.525034874758, 0.422822834616, 0.427461139053, 0.512097914976
TCCT, 2.000, 0.427679439949, 0.356624578204, 0.451545075762, 0.355276142184
TCCG, 2.000, 0.135208535364, 0.435215563954, 0.216512596477, 0.548587561958
TCCC, 1.000, 0.148978688202, 0.110602485621, 0.0728202504016, 0.109523271985
GAAA, 2.000, 0.451477603317, 0.559478146223, 0.408552984417, 0.662714316067
GAAT, 2.000, 0.383334968095, 0.142110164718, 0.114570289888, 0.268702581446
GAAG, 2.000, 0.688141811445, 0.431598454293, 0.399981786962, 0.541471561808
GAAC, 2.000, 0.570081544156, 0.364735164843, 0.593716674699, 0.382316957313
GATA, 2.000, 0.130282964084, 0.0478930358171, 0.255719924633, 0.62489958039
GATT, 2.000, 0.106602388597, 0.285240592792, 0.366604984426, 0.346007198698
GATG, 2.000, 0.74408830358, 0.535718177293, 0.705915166579, 0.55706992239
GATC, 2.000, 0.580235164111, 0.631280140211, 0.529055158268, 0.576816662176
GAGA, 2.000, 0.786248085483, 0.16542039451, 0.536896643838, 0.397500974271
GAGT, 2.000, 0.465940409496, 0.162842019748, 0.714905782921, 0.851605270502
GAGG, 2.000, 0.361624352747, 0.392808735905, 0.291535776828, 0.476857463147
GAGC, 2.000, 0.566132532891, 0.533225110171, 0.596255341869, 0.40639159024
GACA, 2.000, 0.250657957677, 0.247355850565, 0.493808937946, 0.392453377523
GACT, 2.000, 0.500418531543, 0.0772215702777, 0.729641957247, 0.422877377483
GACG, 2.000, 0.450651019942, 0.347658301351, 0.339490183901, 0.276278645671
GACC, 2.000, 0.134583386209, 0.252161721621, 0.373369965645, 0.457895450906
GTAA, 2.000, 0.435245251828, 0.524484535687, 0.407411839883, 0.250497304052
GTAT, 2.000, 0.205490584376, 0.332141823456, 0.293828157116, 0.224254785581
GTAG, 2.000, 0.299183863215, 0.534396687238, 0.537745730599, 0.593339070796
GTAC, 2.000, 0.400178855402, 0.862323718315, 0.432212827436, 0.610851003193
GTTA, 2.000, 0.602962008003, 0.270830614061, 0.449227348072, 0.0565804026728
GTTT, 2.000, 0.183142634377, 0.481135922276, 0.309750310451, 0.421945723478
GTTG, 2.000, 0.629647122304, 0.542872888519, 0.388986040366, 0.218628332824
GTTC, 2.000, 0.404670076711, 0.367101104578, 0.324159817095, 0.335631000666
GTGA, 2.000, 0.441294447678, 0.346163646771, 0.285258098256, 0.265141051466
GTGT, 2.000, 0.68199435197, 0.791593350316, 0.403993659096, 0.0745442829047
GTGG, 2.000, 0.555730969417, 0.319780927997, 0.365206914398, 0.256298577122
GTGC, 2.000, 0.462768369113, 0.319886670921, 0.472028370422, 0.443262250461
GTCA, 2.000, 0.670319064005, 0.242810139477, 0.444984540841, 0.498458241735
GTCT, 2.000, 0.607140393808, 0.180318086267, 0.12861927077, 0.0366710534981
GTCG, 2.000, 0.521060636895, 0.245085409354, 0.408255820881, 0.473362578042
GTCC, 2.000, 0.355842324814, 0.376887529408, 0.365691920149, 0.197593255612
GGAA, 2.000, 0.353671317851, 0.151604465718, 0.233611603945, 0.129464659371
GGAT, 2.000, 0.36380090523, 0.381693603155, 0.28960813989, 0.270143685502
GGAG, 2.000, 0.594344482982, 0.422666279271, 0.353551801899, 0.271501578273
GGAC, 2.000, 0.531020220884, 0.352689566415, 0.428049306886, 0.297863833947
GGTA, 1.000, 0.0638621574426, 0.529138633685, 0.0577455901579, 0.0350276590741
GGTT, 1.000, 0.139335013552, -0.00512988289932, 0.0258941539828, 0.0383967350457
GGTG, 2.000, 0.291198773091, 0.456756924897, 0.405312755954, 0.411668380238
GGTC, 2.000, 0.450087208592, 0.371804442104, 0.236185318648, 0.155750223703
GGGA, 1.000, 0.0710340376547, 0.0761158224893, 0.0651174333257, 0.0821118207716
GGGT, 1.000, 0.131840925222, 0.292166821889, 0.192135585151, 0.0291647452118
GGGG, 1.000, 0.108419480284, 0.15885027297, 0.00242413759299, -0.0186791216118
GGGC, 1.000, 0.11901435323, 0.11283354566, 0.158876921627, 0.141982449906
GGCA, 2.000, 0.0920840024867, 0.266356038434, 0.251578861384, 0.18835655081
GGCT, 2.000, 0.264744808049, 0.278699410679, 0.553736024005, 0.237391321034
GGCG, 2.000, 0.318166383715, 0.471230737085, 0.291526790124, 0.238755207482
GGCC, 2.000, 0.446658482114, 0.26849235871, 0.2583557321, 0.262837676609
GCAA, 2.000, 0.191686267276, 0.470015630633, 0.412475031053, 0.378551311588
GCAT, 2.000, 0.376384245669, 0.688185833271, 0.11358634881, 0.433034942438
GCAG, 2.000, 0.602646157184, 0.396302445593, 0.39673178048, 0.672245423043
GCAC, 2.000, 0.484867474339, 0.512041020095, 0.613920535771, 0.448859797177
GCTA, 2.000, 0.541086248732, 0.483487394667, 0.805411816711, 0.1973299938
GCTT, 2.000, 0.446008623178, 0.6762444487, 0.499786964537, 0.36866658455
GCTG, 2.000, 0.552944982862, 0.521459799725, 0.730251717691, 0.519765354804
GCTC, 2.000, 0.35631237204, 0.376896671237, 0.547951409342, 0.262013660524
GCGA, 2.000, 0.48162779874, 0.31870397135, 0.489369149942, 0.427797470417
GCGT, 2.000, 0.499926812284, 0.489663356926, 0.633135981271, 0.538677984123
GCGG, 2.000, 0.328385631669, 0.422162053479, 0.330964162436, 0.479318631535
GCGC, 2.000, 0.391873969425, 0.481663039349, 0.42170545979, 0.319578364121
GCCA, 2.000, 0.32309616052, 0.212374079193, 0.329882144698, 0.372624521965
GCCT, 2.000, 0.529546663201, 0.455791899288, 0.407681357486, 0.151414783108
GCCG, 1.000, 0.118812145941, 0.224379567293, 0.111620184774, 0.0898277386671
GCCC, 1.000, 0.173598950023, 0.271705266091, 0.166431200354, 0.237012302051
CAAA, 2.000, 0.302024486494, 0.246133827717, 0.325738894925, 0.408157271647
CAAT, 2.000, 0.711537734693, 0.372509780341, 0.173672629583, 0.583019311246
CAAG, 2.000, 0.636915447275, 0.604113437422, 0.622622836176, 0.617136455322
CAAC, 2.000, 0.467894553466, 0.315573710655, 0.420623384726, 0.451282155273
CATA, 2.000, 0.0107909500392, 0.0247843697765, 0.101154950535, 0.110983779235
CATT, 2.000, 0.211531398599, 0.160017543262, 0.505796671497, 0.585466189624
CATG, 2.000, 0.369478550881, 0.485549195031, 0.616467697984, 0.615329536174
CATC, 2.000, 0.555848807947, 0.65901880462, 0.666520139675, 0.26471120825
CAGA, 2.000, 0.363586030033, 0.379644758832, 0.608716472292, 0.252431115772
CAGT, 3.000, 0.375593004604, 0.777645888457, 0.714011047147, 0.468103795386
CAGG, 2.000, 0.43419152721, 0.204172693216, 0.29133661751, 0.109881254548
CAGC, 2.000, 0.56438092613, 0.453006975856, 0.420313007833, 0.359557674618
CACA, 2.000, 0.603971632884, 0.235099953911, 0.601210570201, 0.352241455333
CACT, 2.000, 0.817514660166, 0.0923683724179, 0.355524708916, 0.443678749157
CACG, 2.000, 0.381392175024, 0.662438869383, 0.388423483155, 0.554683945633
CACC, 2.000, 0.296711249858, 0.448697868305, 0.293188763534, 0.276581466245
CTAA, 2.000, 0.624783629598, 0.708549979566, 0.8109540247, 0.210366330128
CTAT, 2.000, 0.263696571757, 0.805901305434, 0.273625506386, 0.591515459917
CTAG, 1.000, 0.164679605615, -6.93894341566e-05, 0.289232231283, 0.173584041598
CTAC, 2.000, 0.623210648551, 0.592914566698, 0.700228956654, 0.703561692011
CTTA, 2.000, 0.327707735762, 0.665142836087, 0.375650217475, 0.535604944373
CTTT, 2.000, 0.274979621291, 0.469250641375, 0.546145498398, 0.490996118772
CTTG, 2.000, 0.625722376978, 0.699934451085, 0.607633300616, 0.626003671859
CTTC, 2.000, 0.545877692606, 0.57783585153, 0.444524639276, 0.441000007733
CTGA, 2.000, 0.819170280826, 0.577368614543, 0.541633633765, 0.134177356483
CTGT, 2.000, 0.496930350206, 0.625454119827, 0.402103588743, 0.280153415447
CTGG, 2.000, 0.563707497982, 0.502913251732, 0.351699338194, 0.378663748126
CTGC, 2.000, 0.45426166083, 0.375309482641, 0.601342195911, 0.470296705772
CTCA, 2.000, 0.492180730618, 0.628341962819, 0.316346446844, 0.231107123249
CTCT, 2.000, 0.686411981117, 0.312862395182, 0.205731193665, 0.281040596244
CTCG, 2.000, 0.576044102865, 0.436510295836, 0.346442885099, 0.175300192133
CTCC, 2.000, 0.216749549203, 0.319422655833, 0.415220095856, 0.397070853313
CGAA, 2.000, 0.338356690967, 0.241472027908, 0.714521775194, 0.548774812091
CGAT, 2.000, 0.728067141859, 0.282821949115, 0.222049097573, 0.551276213691
CGAG, 2.000, 0.80283472602, 0.441936322002, 0.416260588469, 0.510372568073
CGAC, 2.000, 0.411245943798, 0.396597242032, 0.315593720235, 0.368707472882
CGTA, 2.000, 0.0623647942883, 0.760104067671, 0.116416672299, 0.686015874207
CGTT, 2.000, 0.0844735701139, 0.408627573094, 0.379059496341, 0.185779545781
CGTG, 2.000, 0.58981480392, 0.400804535625, 0.391236906658, 0.399088446096
CGTC, 2.000, 0.444212271939, 0.483256580686, 0.473564051664, 0.127355552591
CGGA, 2.000, 0.148341595107, 0.433395961052, 0.318667733293, 0.30393659585
CGGT, 2.000, 0.260296301431, 0.72618226484, 0.485610824976, 0.153726568166
CGGG, 1.000, 0.0626712966042, 0.100883445085, 0.0888092181728, 0.146036229353
CGGC, 1.000, 0.138446609505, 0.167052518801, 0.137979857255, 0.145499841509
CGCA, 2.000, 0.478923531813, 0.310377390088, 0.370405848008, 0.206647039353
CGCT, 2.000, 0.202415809576, 0.272458507383, 0.39568296623, 0.484031697959
CGCG, 1.000, 0.0948359598258, 0.0635145717798, 0.0534666627615, 0.274860368921
CGCC, 2.000, 0.302353501619, 0.199118654756, 0.146443138472, 0.168117872746
CCAA, 2.000, 0.105653511162, 0.159931766644, 0.503777235705, 0.608158984473
CCAT, 2.000, 0.406465253326, 0.630411060932, 0.749302184906, 0.49542093224
CCAG, 2.000, 0.535986847939, 0.55038812522, 0.363540644723, 0.240685219984
CCAC, 2.000, 0.487504239746, 0.248293318044, 0.449498984823, 0.293189868527
CCTA, 1.000, 0.1132444206, -0.00738615314991, 0.00661189009254, 0.190661083467
CCTT, 2.000, 0.530458546968, 0.579902599236, 0.397065244815, 0.579220595238
CCTG, 2.000, 0.535557993468, 0.302194910646, 0.470439440193, 0.458940951241
CCTC, 2.000, 0.189228158661, 0.453787464722, 0.423181191873, 0.335596112438
CCGA, 2.000, 0.0249596835094, 0.352454611229, 0.246968059134, 0.424177365334
CCGT, 2.000, 0.281196921207, 0.151907444628, 0.289275290405, 0.197477473622
CCGG, 1.000, 0.119842558807, 0.0225064748354, 0.143769204791, 0.0181911675171
CCGC, 2.000, 0.298615232575, 0.450367250294, 0.202081889846, 0.220754045966
CCCA, 1.000, 0.242616564203, 0.220673765585, 0.136068350264, 0.0391833495839
CCCT, 1.000, 0.288390722918, 0.0866891538231, 0.132659467626, 0.396708534344
CCCG, 1.000, 0.0916911392446, 0.100849848404, 0.207896299494, 0.0793296417859
CCCC, 1.000, 0.0460604099796, 0.0835740295095, 0.204272790534, -0.00434129718538
