-- [Wild-type D. melanogaster] --
motif, 1st_quartile, R(10), R(50), R(100), R(200)
AAAA, 2.000, 0.392770722638 (6783), 0.309794308274 (3491), 0.198560657764 (4919), 0.373902330939 (3682)
AAAT, 2.000, 0.29298985534 (5199), 0.392725890262 (3309), 0.201495740522 (4786), 0.404298220583 (3685)
AAAG, 2.000, 0.325472897245 (2726), 0.144250723639 (1889), 0.419704208972 (2863), 0.586581190277 (2287)
AAAC, 2.000, 0.489534716286 (3339), 0.362357350372 (2162), 0.228601265426 (3229), 0.249384749539 (2437)
AATA, 2.000, 0.313554816779 (2945), 0.437681408252 (1649), 0.212302247185 (2383), 0.223053762906 (1900)
AATT, 2.000, 0.80184845578 (3447), 0.672007729342 (2142), 0.171897706964 (3159), 0.321115936476 (2503)
AATG, 2.000, 0.36992933573 (2106), 0.254319902697 (1518), 0.183330272198 (2382), 0.621203754664 (1917)
AATC, 2.000, 0.608852330518 (1890), 0.386773206372 (1346), 0.274533415625 (2037), 0.242530324797 (1634)
AAGA, 2.000, 0.525839587135 (2746), 0.471601105068 (1889), 0.539767187094 (2875), 0.291457094595 (2277)
AAGT, 2.000, 0.208766220148 (1686), 0.770173974083 (1298), 0.327624313604 (1930), 0.322483047567 (1505)
AAGG, 2.000, 0.752750989078 (2099), 0.51360051208 (1547), 0.523459476663 (2109), 0.430501125594 (1752)
AAGC, 2.000, 0.363597012166 (2240), 0.265044266892 (1619), 0.222693075452 (2556), 0.226486796858 (2032)
AACA, 2.000, 0.434067478937 (4609), 0.322983919214 (2793), 0.441864864153 (3887), 0.468071796866 (3001)
AACT, 2.000, 0.478885707846 (1984), 0.46533676174 (1394), 0.317579557326 (2159), 0.115876050498 (1691)
AACG, 2.000, 0.889805901341 (1330), 0.724519811949 (1005), 0.609254996482 (1528), 0.125001425629 (1216)
AACC, 1.000, 0.160200028353 (1904), 0.214345561436 (1379), 0.0459654152966 (2028), 0.00633245939594 (1559)
ATAA, 2.000, 0.456016978321 (2458), 0.128740978008 (1445), 0.441419411353 (2132), 0.240958788652 (1630)
ATAT, 2.000, 0.189496827712 (4241), 0.314078117552 (1621), 0.390982271077 (2397), 0.468922702856 (2019)
ATAG, 2.000, 0.967160959628 (894), 0.713872315755 (482), 0.659733955275 (751), 0.0555405127954 (540)
ATAC, 2.000, 0.533276790387 (1248), 0.301253018422 (631), 0.142136365931 (1015), 0.377991652668 (789)
ATTA, 2.000, 0.315585673325 (1962), 0.183810235107 (1092), 0.147673777306 (1682), 0.499116681765 (1301)
ATTT, 2.000, 0.19356363251 (5299), 0.339094042855 (3300), 0.40819388719 (4962), 0.34919745679 (3867)
ATTG, 2.000, 0.705784325673 (2170), 0.0798298759979 (1554), 0.273482763622 (2338), 0.389195324948 (1927)
ATTC, 2.000, 0.155118121534 (1679), 0.155473135079 (1173), 0.657669159822 (1671), 0.345614212754 (1406)
ATGA, 2.000, 0.445263467635 (1883), 0.331027966721 (1183), 0.311288102858 (1737), 0.487641397177 (1406)
ATGT, 2.000, 0.574668937423 (1868), 0.342614629898 (1249), 0.38511068935 (1842), 0.630090356418 (1509)
ATGG, 2.000, 0.760046421136 (1946), 0.493795555876 (1303), 0.414753453145 (2158), 0.537890668191 (1736)
ATGC, 2.000, 0.457647783782 (1891), 0.565447568621 (1349), 0.167664907557 (2163), 0.46549482502 (1695)
ATCA, 2.000, 0.499408804228 (2165), 0.312087498248 (1457), 0.352114409104 (2177), 0.19596451165 (1719)
ATCT, 2.000, 0.249715211949 (1733), 0.442983855906 (1252), 0.523938290191 (1782), 0.426255080416 (1530)
ATCG, 2.000, 0.188065046427 (2031), 0.205180329842 (1513), 0.412385185939 (2212), 0.261645475573 (1752)
ATCC, 2.000, 0.833619446883 (2306), 0.661673058972 (1626), 0.285357588182 (2529), 0.370226428669 (2039)
AGAA, 2.000, 0.604039520399 (3252), 0.259811564457 (2168), 0.294036154194 (3132), 0.567943210058 (2564)
AGAT, 2.000, 0.630023356303 (1646), 0.728156693596 (1228), 0.409875283001 (1897), 0.217838413619 (1585)
AGAG, 2.000, 0.147047311389 (1434), 0.210124337821 (824), 0.178008150445 (1243), 0.256601038483 (1042)
AGAC, 2.000, 0.152555260886 (790), 0.550755155441 (586), 0.241436021814 (855), 0.408349198333 (733)
AGTA, 2.000, 0.185480990348 (846), 0.214939408334 (550), 0.159445910687 (821), 0.610361620203 (679)
AGTT, 2.000, 0.297121545679 (2009), 0.777012597903 (1506), 0.398813791559 (2190), 0.169192602531 (1776)
AGTG, 3.000, 0.90018350532 (1368), 0.815810310955 (920), 0.928922990091 (1402), 0.628394868974 (1113)
AGTC, 2.000, 0.466156413868 (1118), 0.368483632972 (749), 0.693963873484 (1121), 0.396734371319 (899)
AGGA, 2.000, 0.570566712303 (4016), 0.335144278368 (2804), 0.349898554014 (3684), 0.475032574167 (2933)
AGGT, 2.000, 0.690655761606 (899), 0.407203808715 (664), 0.490173504265 (1067), 0.24937970036 (808)
AGGG, 1.000, 0.0832173236511 (1702), 0.0521581655263 (1313), 0.13159857447 (2026), 0.0484142120637 (1538)
AGGC, 2.000, 0.481989771746 (1692), 0.493380562427 (1217), 0.236385425664 (1847), 0.0971116766909 (1371)
AGCA, 2.000, 0.15640660239 (7271), 0.798636961536 (4465), 0.280601649453 (6382), 0.270160127914 (5092)
AGCT, 2.000, 0.8005978734 (2852), 0.601202773779 (2130), 0.459095115034 (3200), 0.611073411457 (2665)
AGCG, 2.000, 0.114743846028 (2182), 0.464392183605 (1602), 0.440890267253 (2394), 0.179354879011 (1897)
AGCC, 2.000, 0.187613705718 (1752), 0.0744445612268 (1243), 0.255770120642 (1913), 0.20411218851 (1576)
ACAA, 2.000, 0.226370676075 (4111), 0.282666808147 (2685), 0.388154190618 (3857), 0.240450875327 (2783)
ACAT, 2.000, 0.201250432356 (1917), 0.582344870744 (1229), 0.289414596764 (1924), 0.630064879026 (1559)
ACAG, 3.000, 0.773634649756 (1627), 0.699842714 (1141), 0.383660501472 (1675), 0.696559358895 (1360)
ACAC, 2.000, 0.415440111686 (2912), 0.403722760408 (1159), 0.45734535079 (1414), 0.269297242076 (1170)
ACTA, 2.000, 0.410667524627 (819), 0.804191693712 (515), 0.440152587061 (787), 0.720202111069 (596)
ACTT, 2.000, 0.434010927175 (1690), 0.652324037752 (1155), 0.508440849738 (1811), 0.242052862985 (1421)
ACTG, 2.000, 0.290599701194 (1860), 0.327980067566 (1327), 0.324975466811 (2082), 0.206044472781 (1715)
ACTC, 2.000, 0.216111841519 (1197), 0.168590048639 (846), 0.379890004103 (1230), 0.156561113768 (996)
ACGA, 2.000, 0.710447174721 (2148), 0.395138864022 (1443), 0.595713510201 (1978), 0.504242644944 (1599)
ACGT, 2.000, 0.566669973924 (547), 0.614340217858 (417), 0.340587840788 (634), 0.18850316064 (492)
ACGG, 2.000, 0.332194107598 (958), 0.495741339592 (757), 0.466547052495 (1152), 0.792743753881 (837)
ACGC, 2.000, 0.73198159648 (1195), 0.33023309539 (887), 0.176434212097 (1349), 0.463901100918 (1052)
ACCA, 2.000, 0.266488555524 (3064), 0.421073873126 (1971), 0.462770425761 (2911), 0.695984330357 (2168)
ACCT, 2.000, 0.696790187683 (980), 0.296537410476 (674), 0.488651318723 (1025), 0.443430045795 (841)
ACCG, 2.000, 0.212758041634 (933), 0.335881156849 (814), 0.327528287411 (1225), 0.248511076886 (961)
ACCC, 1.000, 0.120640934627 (1592), 0.175102119012 (1171), 0.11545222742 (1688), 0.00295268053116 (1346)
TAAA, 2.000, 0.599477236996 (3691), 0.327058733076 (2323), 0.358058955992 (3262), 0.30663090659 (2476)
TAAT, 2.000, 0.362677936134 (1965), 0.143434084005 (1134), 0.176101072409 (1756), 0.496522450366 (1378)
TAAG, 2.000, 0.396886517759 (706), 0.0995352646955 (560), 0.322630872533 (788), 0.140294237794 (648)
TAAC, 2.000, 0.0268396041536 (790), 0.04850077302 (464), 0.263868287088 (732), 0.209227017323 (543)
TATA, 2.000, 0.156299353572 (3939), 0.322625692462 (1312), 0.313639946544 (1801), 0.373833411118 (1483)
TATT, 2.000, 0.418591740527 (2877), 0.629366583972 (1671), 0.446852637055 (2438), 0.475013287089 (1909)
TATG, 2.000, 0.348310735593 (1149), 0.710717984154 (657), 0.837474340759 (978), 0.085572765883 (780)
TATC, 2.000, 0.663853859553 (1066), 0.125881166425 (646), 0.383471538665 (1033), 0.213800951896 (816)
TAGA, 2.000, 0.985955466487 (602), 0.894701673494 (445), 0.210446490966 (659), 0.401292877721 (492)
TAGT, 2.000, 0.677380605062 (858), 0.425566572392 (542), 0.724850147504 (802), 0.503816747453 (672)
TAGG, 1.000, -0.0151284364488 (539), 0.399774475544 (360), 0.194958152619 (596), 0.313338900779 (476)
TAGC, 2.000, 0.932530830636 (729), 0.775233972892 (497), 0.257654399408 (752), 0.388144251419 (636)
TACA, 2.000, 0.304413805515 (1690), 0.581875160923 (964), 0.137811368573 (1556), 0.354690898831 (1189)
TACT, 2.000, 0.534683582435 (815), 0.455022921474 (565), 0.712856525627 (843), 0.647108284626 (684)
TACG, 2.000, 0.554093663076 (617), 0.429096522956 (437), 0.403813002984 (684), 0.717329051423 (517)
TACC, 1.000, 0.236907839804 (783), 0.646419445581 (570), 0.0203477604808 (951), 0.215989138267 (737)
TTAA, 2.000, 0.484506699562 (2906), 0.312150764872 (1828), 0.446612689015 (2750), 0.469933337154 (2024)
TTAT, 2.000, 0.410009257219 (2459), 0.306443021586 (1447), 0.560537962691 (2056), 0.201287417034 (1579)
TTAG, 2.000, 0.287940898561 (791), 0.831700854554 (551), 0.445687423298 (790), 0.577434704592 (631)
TTAC, 2.000, 0.210113486545 (760), 0.144213561128 (486), 0.199656289228 (770), 0.100303413515 (596)
TTTA, 2.000, 0.294166910826 (3745), 0.210697589302 (2241), 0.372362715796 (3462), 0.311942627099 (2554)
TTTT, 1.000, 0.346135452898 (11473), 0.131595557116 (5839), 0.131611013593 (8558), 0.10576264701 (6586)
TTTG, 2.000, 0.182581878154 (4258), 0.424986255375 (2699), 0.281400697987 (4179), 0.344964804863 (3347)
TTTC, 2.000, 0.161165684951 (3874), 0.465420556647 (2420), 0.336293274458 (3595), 0.460193980998 (2790)
TTGA, 2.000, 0.25126900744 (2001), 0.259143104201 (1553), 0.367637082732 (2405), 0.307674824123 (1917)
TTGT, 2.000, 0.590600757945 (4133), 0.677618924105 (2658), 0.324693777374 (3706), 0.159940541533 (2921)
TTGG, 2.000, 0.299968388012 (3153), 0.530963671894 (2314), 0.410352072154 (3435), 0.509578039539 (2739)
TTGC, 2.000, 0.549056705665 (3355), 0.563153722559 (2494), 0.468742739033 (3752), 0.359500454386 (2995)
TTCA, 2.000, 0.311581678793 (2084), 0.352507587797 (1520), 0.22916988014 (2201), 0.35060715983 (1748)
TTCT, 2.000, 0.530749816555 (3243), 0.578601660325 (2228), 0.552206488895 (3071), 0.397222802337 (2657)
TTCG, 2.000, 0.218132974464 (2079), 0.213475368337 (1504), 0.305212403542 (2177), 0.449623173912 (1760)
TTCC, 2.000, 0.415752160693 (2158), 0.394263895754 (1612), 0.331005761508 (2393), 0.251152799557 (1893)
TGAA, 2.000, 0.534111692064 (2022), 0.240649436258 (1548), 0.251984667325 (2256), 0.246509361002 (1733)
TGAT, 2.000, 0.206857834807 (2157), 0.541402748599 (1563), 0.629273485588 (2230), 0.522281666734 (1747)
TGAG, 2.000, 0.617781970479 (1205), 0.30121490894 (880), 0.244626298955 (1333), 0.300630643171 (1111)
TGAC, 2.000, 0.385565563598 (872), 0.550287549035 (706), 0.317363808244 (1006), 0.184890326701 (742)
TGTA, 2.000, 0.343904397519 (1653), 0.358010211552 (978), 0.380821438749 (1435), 0.518700246161 (1146)
TGTT, 2.000, 0.567107707314 (4475), 0.385941820031 (2758), 0.570085251207 (3923), 0.358038369251 (2996)
TGTG, 2.000, 0.541655496755 (3814), 0.366794972573 (1620), 0.355260053264 (2404), 0.684207386703 (1867)
TGTC, 2.000, 0.734975098178 (1366), 0.377384854465 (983), 0.222148687581 (1482), 0.34025043049 (1182)
TGGA, 2.000, 0.477238162405 (3771), 0.281439883525 (2837), 0.525470548385 (4185), 0.285833885668 (3302)
TGGT, 2.000, 0.400699968829 (2851), 0.274025637004 (1907), 0.300027920794 (2790), 0.539709544931 (2311)
TGGG, 1.000, 0.183025826689 (3647), 0.0878752417749 (2658), 0.0800285514216 (3963), 0.244354070169 (3173)
TGGC, 2.000, 0.332939200652 (4507), 0.295724448182 (3447), 0.341346769939 (5270), 0.472113654291 (4191)
TGCA, 2.000, 0.515513689991 (2864), 0.474605214502 (2243), 0.154282767693 (3306), 0.449751952432 (2706)
TGCT, 2.000, 0.233738819687 (7204), 0.550042699745 (4285), 0.43424361178 (6302), 0.47207897345 (4938)
TGCG, 2.000, 0.320309311983 (2225), 0.35414384677 (1520), 0.664891304993 (2369), 0.27092242786 (1923)
TGCC, 2.000, 0.50405205558 (2847), 0.389389725043 (2323), 0.199030028155 (3513), 0.150323599384 (2721)
TCAA, 2.000, 0.139793261901 (2078), 0.169653275163 (1537), 0.44878138936 (2313), 0.520761142843 (1775)
TCAT, 2.000, 0.273143176486 (1840), 0.344938625641 (1206), 0.280771306834 (1712), 0.177567495087 (1329)
TCAG, 2.000, 0.365959701776 (1543), 0.243444573256 (1111), 0.486490302217 (1645), 0.38278819031 (1406)
TCAC, 2.000, 0.470994282853 (1148), 0.304612697295 (801), 0.392674087644 (1167), 0.0873576279633 (959)
TCTA, 2.000, 0.418887462373 (648), 0.738234255664 (355), 0.113301045023 (628), 0.235113955713 (531)
TCTT, 2.000, 0.269669656439 (2809), 0.477495030021 (2093), 0.582401844112 (2855), 0.447703232069 (2341)
TCTG, 2.000, 0.680449898747 (2071), 0.506633299024 (1592), 0.484018468754 (2209), 0.386294142711 (1763)
TCTC, 2.000, 0.512577235294 (1936), 0.190413122277 (1284), 0.0930819102275 (1680), 0.217130941797 (1484)
TCGA, 2.000, 0.573034454841 (2136), 0.230357970714 (1511), 0.354548562181 (2338), 0.527301313559 (1857)
TCGT, 2.000, 0.205110270109 (2036), 0.23910759822 (1429), 0.292314106331 (2108), 0.717112656166 (1541)
TCGG, 2.000, 0.43120591534 (1380), 0.389235789785 (976), 0.419008444216 (1547), 0.173935933396 (1220)
TCGC, 2.000, 0.294323016098 (2536), 0.499526860199 (1687), 0.339214849343 (2631), 0.122150989866 (1935)
TCCA, 2.000, 0.525034874758 (3782), 0.422822834616 (2851), 0.427461139053 (4269), 0.512097914976 (3452)
TCCT, 2.000, 0.427679439949 (4042), 0.356624578204 (2860), 0.451545075762 (3801), 0.355276142184 (3049)
TCCG, 2.000, 0.135208535364 (1971), 0.435215563954 (1600), 0.216512596477 (2494), 0.548587561958 (1908)
TCCC, 1.000, 0.148978688202 (2394), 0.110602485621 (1768), 0.0728202504016 (2637), 0.109523271985 (2079)
GAAA, 2.000, 0.451477603317 (3828), 0.559478146223 (2523), 0.408552984417 (3593), 0.662714316067 (2772)
GAAT, 2.000, 0.383334968095 (1624), 0.142110164718 (1169), 0.114570289888 (1781), 0.268702581446 (1417)
GAAG, 2.000, 0.688141811445 (3253), 0.431598454293 (2396), 0.399981786962 (3448), 0.541471561808 (2736)
GAAC, 2.000, 0.570081544156 (1690), 0.364735164843 (1331), 0.593716674699 (2031), 0.382316957313 (1532)
GATA, 2.000, 0.130282964084 (1045), 0.0478930358171 (664), 0.255719924633 (959), 0.62489958039 (804)
GATT, 2.000, 0.106602388597 (1858), 0.285240592792 (1347), 0.366604984426 (2074), 0.346007198698 (1667)
GATG, 2.000, 0.74408830358 (3544), 0.535718177293 (2462), 0.705915166579 (3498), 0.55706992239 (2746)
GATC, 2.000, 0.580235164111 (2471), 0.631280140211 (1814), 0.529055158268 (2906), 0.576816662176 (2270)
GAGA, 2.000, 0.786248085483 (1961), 0.16542039451 (1293), 0.536896643838 (1944), 0.397500974271 (1529)
GAGT, 2.000, 0.465940409496 (1152), 0.162842019748 (816), 0.714905782921 (1153), 0.851605270502 (975)
GAGG, 2.000, 0.361624352747 (2932), 0.392808735905 (2144), 0.291535776828 (2943), 0.476857463147 (2241)
GAGC, 2.000, 0.566132532891 (2655), 0.533225110171 (2138), 0.596255341869 (3201), 0.40639159024 (2520)
GACA, 2.000, 0.250657957677 (1313), 0.247355850565 (1072), 0.493808937946 (1527), 0.392453377523 (1213)
GACT, 2.000, 0.500418531543 (1040), 0.0772215702777 (771), 0.729641957247 (1149), 0.422877377483 (833)
GACG, 2.000, 0.450651019942 (1655), 0.347658301351 (1136), 0.339490183901 (1637), 0.276278645671 (1285)
GACC, 2.000, 0.134583386209 (997), 0.252161721621 (744), 0.373369965645 (1072), 0.457895450906 (849)
GTAA, 2.000, 0.435245251828 (771), 0.524484535687 (537), 0.407411839883 (805), 0.250497304052 (628)
GTAT, 2.000, 0.205490584376 (1224), 0.332141823456 (655), 0.293828157116 (975), 0.224254785581 (761)
GTAG, 2.000, 0.299183863215 (938), 0.534396687238 (664), 0.537745730599 (945), 0.593339070796 (822)
GTAC, 2.000, 0.400178855402 (704), 0.862323718315 (529), 0.432212827436 (804), 0.610851003193 (652)
GTTA, 2.000, 0.602962008003 (714), 0.270830614061 (433), 0.449227348072 (705), 0.0565804026728 (593)
GTTT, 2.000, 0.183142634377 (3387), 0.481135922276 (2017), 0.309750310451 (3209), 0.421945723478 (2516)
GTTG, 2.000, 0.629647122304 (4189), 0.542872888519 (2916), 0.388986040366 (4028), 0.218628332824 (3245)
GTTC, 2.000, 0.404670076711 (1648), 0.367101104578 (1303), 0.324159817095 (1870), 0.335631000666 (1535)
GTGA, 2.000, 0.441294447678 (1161), 0.346163646771 (856), 0.285258098256 (1289), 0.265141051466 (931)
GTGT, 2.000, 0.68199435197 (2969), 0.791593350316 (1063), 0.403993659096 (1311), 0.0745442829047 (1024)
GTGG, 2.000, 0.555730969417 (3898), 0.319780927997 (2610), 0.365206914398 (3902), 0.256298577122 (3051)
GTGC, 2.000, 0.462768369113 (2441), 0.319886670921 (1691), 0.472028370422 (2610), 0.443262250461 (2036)
GTCA, 2.000, 0.670319064005 (874), 0.242810139477 (633), 0.444984540841 (1031), 0.498458241735 (795)
GTCT, 2.000, 0.607140393808 (789), 0.180318086267 (603), 0.12861927077 (873), 0.0366710534981 (691)
GTCG, 2.000, 0.521060636895 (1701), 0.245085409354 (1128), 0.408255820881 (1650), 0.473362578042 (1292)
GTCC, 2.000, 0.355842324814 (1737), 0.376887529408 (1332), 0.365691920149 (2010), 0.197593255612 (1571)
GGAA, 2.000, 0.353671317851 (2144), 0.151604465718 (1553), 0.233611603945 (2337), 0.129464659371 (1980)
GGAT, 2.000, 0.36380090523 (2248), 0.381693603155 (1561), 0.28960813989 (2451), 0.270143685502 (1856)
GGAG, 2.000, 0.594344482982 (4221), 0.422666279271 (3156), 0.353551801899 (4562), 0.271501578273 (3517)
GGAC, 2.000, 0.531020220884 (1756), 0.352689566415 (1380), 0.428049306886 (1849), 0.297863833947 (1506)
GGTA, 1.000, 0.0638621574426 (779), 0.529138633685 (603), 0.0577455901579 (868), 0.0350276590741 (680)
GGTT, 1.000, 0.139335013552 (1766), -0.00512988289932 (1243), 0.0258941539828 (2008), 0.0383967350457 (1674)
GGTG, 2.000, 0.291198773091 (3350), 0.456756924897 (2247), 0.405312755954 (3548), 0.411668380238 (2670)
GGTC, 2.000, 0.450087208592 (1020), 0.371804442104 (691), 0.236185318648 (1088), 0.155750223703 (851)
GGGA, 1.000, 0.0710340376547 (2197), 0.0761158224893 (1681), 0.0651174333257 (2585), 0.0821118207716 (2006)
GGGT, 1.000, 0.131840925222 (1384), 0.292166821889 (1061), 0.192135585151 (1683), 0.0291647452118 (1310)
GGGG, 1.000, 0.108419480284 (2001), 0.15885027297 (1320), 0.00242413759299 (1991), -0.0186791216118 (1525)
GGGC, 1.000, 0.11901435323 (3853), 0.11283354566 (2973), 0.158876921627 (4483), 0.141982449906 (3433)
GGCA, 2.000, 0.0920840024867 (2925), 0.266356038434 (2241), 0.251578861384 (3511), 0.18835655081 (2691)
GGCT, 2.000, 0.264744808049 (1662), 0.278699410679 (1284), 0.553736024005 (1994), 0.237391321034 (1588)
GGCG, 2.000, 0.318166383715 (3710), 0.471230737085 (2796), 0.291526790124 (4113), 0.238755207482 (3171)
GGCC, 2.000, 0.446658482114 (2604), 0.26849235871 (2078), 0.2583557321 (3083), 0.262837676609 (2432)
GCAA, 2.000, 0.191686267276 (3315), 0.470015630633 (2438), 0.412475031053 (3735), 0.378551311588 (3069)
GCAT, 2.000, 0.376384245669 (1966), 0.688185833271 (1372), 0.11358634881 (2123), 0.433034942438 (1776)
GCAG, 2.000, 0.602646157184 (7414), 0.396302445593 (5031), 0.39673178048 (7480), 0.672245423043 (5960)
GCAC, 2.000, 0.484867474339 (2433), 0.512041020095 (1711), 0.613920535771 (2886), 0.448859797177 (2069)
GCTA, 2.000, 0.541086248732 (653), 0.483487394667 (493), 0.805411816711 (750), 0.1973299938 (622)
GCTT, 2.000, 0.446008623178 (2236), 0.6762444487 (1677), 0.499786964537 (2613), 0.36866658455 (2110)
GCTG, 2.000, 0.552944982862 (9626), 0.521459799725 (6401), 0.730251717691 (9467), 0.519765354804 (7223)
GCTC, 2.000, 0.35631237204 (2694), 0.376896671237 (2138), 0.547951409342 (3133), 0.262013660524 (2477)
GCGA, 2.000, 0.48162779874 (2443), 0.31870397135 (1647), 0.489369149942 (2631), 0.427797470417 (2015)
GCGT, 2.000, 0.499926812284 (1076), 0.489663356926 (838), 0.633135981271 (1358), 0.538677984123 (1082)
GCGG, 2.000, 0.328385631669 (3118), 0.422162053479 (2164), 0.330964162436 (3363), 0.479318631535 (2515)
GCGC, 2.000, 0.391873969425 (1761), 0.481663039349 (1447), 0.42170545979 (2309), 0.319578364121 (1868)
GCCA, 2.000, 0.32309616052 (4488), 0.212374079193 (3426), 0.329882144698 (5348), 0.372624521965 (4217)
GCCT, 2.000, 0.529546663201 (1709), 0.455791899288 (1222), 0.407681357486 (1756), 0.151414783108 (1484)
GCCG, 1.000, 0.118812145941 (4975), 0.224379567293 (4235), 0.111620184774 (6286), 0.0898277386671 (4750)
GCCC, 1.000, 0.173598950023 (3931), 0.271705266091 (2935), 0.166431200354 (4661), 0.237012302051 (3571)
CAAA, 2.000, 0.302024486494 (4190), 0.246133827717 (2716), 0.325738894925 (4082), 0.408157271647 (3264)
CAAT, 2.000, 0.711537734693 (2231), 0.372509780341 (1568), 0.173672629583 (2363), 0.583019311246 (1919)
CAAG, 2.000, 0.636915447275 (3450), 0.604113437422 (2594), 0.622622836176 (3774), 0.617136455322 (3038)
CAAC, 2.000, 0.467894553466 (4351), 0.315573710655 (2968), 0.420623384726 (3938), 0.451282155273 (3172)
CATA, 2.000, 0.0107909500392 (1150), 0.0247843697765 (636), 0.101154950535 (1028), 0.110983779235 (871)
CATT, 2.000, 0.211531398599 (2116), 0.160017543262 (1599), 0.505796671497 (2395), 0.585466189624 (1909)
CATG, 2.000, 0.369478550881 (1647), 0.485549195031 (1194), 0.616467697984 (1746), 0.615329536174 (1272)
CATC, 2.000, 0.555848807947 (3551), 0.65901880462 (2420), 0.666520139675 (3484), 0.26471120825 (2720)
CAGA, 2.000, 0.363586030033 (2044), 0.379644758832 (1511), 0.608716472292 (2244), 0.252431115772 (1843)
CAGT, 3.000, 0.375593004604 (1536), 0.777645888457 (1182), 0.714011047147 (1758), 0.468103795386 (1390)
CAGG, 2.000, 0.43419152721 (2421), 0.204172693216 (1848), 0.29133661751 (2712), 0.109881254548 (2105)
CAGC, 2.000, 0.56438092613 (9781), 0.453006975856 (6465), 0.420313007833 (9614), 0.359557674618 (7633)
CACA, 2.000, 0.603971632884 (3906), 0.235099953911 (1708), 0.601210570201 (2450), 0.352241455333 (1974)
CACT, 2.000, 0.817514660166 (1706), 0.0923683724179 (1051), 0.355524708916 (1723), 0.443678749157 (1408)
CACG, 2.000, 0.381392175024 (1365), 0.662438869383 (1012), 0.388423483155 (1500), 0.554683945633 (1161)
CACC, 2.000, 0.296711249858 (3465), 0.448697868305 (2348), 0.293188763534 (3500), 0.276581466245 (2779)
CTAA, 2.000, 0.624783629598 (733), 0.708549979566 (505), 0.8109540247 (753), 0.210366330128 (597)
CTAT, 2.000, 0.263696571757 (760), 0.805901305434 (533), 0.273625506386 (777), 0.591515459917 (584)
CTAG, 1.000, 0.164679605615 (460), -6.93894341566e-05 (331), 0.289232231283 (552), 0.173584041598 (438)
CTAC, 2.000, 0.623210648551 (948), 0.592914566698 (694), 0.700228956654 (1002), 0.703561692011 (749)
CTTA, 2.000, 0.327707735762 (775), 0.665142836087 (560), 0.375650217475 (776), 0.535604944373 (611)
CTTT, 2.000, 0.274979621291 (2764), 0.469250641375 (1921), 0.546145498398 (2950), 0.490996118772 (2283)
CTTG, 2.000, 0.625722376978 (3506), 0.699934451085 (2778), 0.607633300616 (3793), 0.626003671859 (3014)
CTTC, 2.000, 0.545877692606 (3297), 0.57783585153 (2383), 0.444524639276 (3382), 0.441000007733 (2755)
CTGA, 2.000, 0.819170280826 (1577), 0.577368614543 (1084), 0.541633633765 (1615), 0.134177356483 (1385)
CTGT, 2.000, 0.496930350206 (1806), 0.625454119827 (1271), 0.402103588743 (1935), 0.280153415447 (1501)
CTGG, 2.000, 0.563707497982 (4297), 0.502913251732 (3426), 0.351699338194 (5050), 0.378663748126 (4005)
CTGC, 2.000, 0.45426166083 (7225), 0.375309482641 (5013), 0.601342195911 (7373), 0.470296705772 (5877)
CTCA, 2.000, 0.492180730618 (1148), 0.628341962819 (891), 0.316346446844 (1308), 0.231107123249 (1082)
CTCT, 2.000, 0.686411981117 (1434), 0.312862395182 (906), 0.205731193665 (1277), 0.281040596244 (1010)
CTCG, 2.000, 0.576044102865 (2466), 0.436510295836 (1847), 0.346442885099 (2715), 0.175300192133 (1950)
CTCC, 2.000, 0.216749549203 (4436), 0.319422655833 (3342), 0.415220095856 (4657), 0.397070853313 (3715)
CGAA, 2.000, 0.338356690967 (2041), 0.241472027908 (1441), 0.714521775194 (2171), 0.548774812091 (1714)
CGAT, 2.000, 0.728067141859 (2026), 0.282821949115 (1428), 0.222049097573 (2171), 0.551276213691 (1748)
CGAG, 2.000, 0.80283472602 (2433), 0.441936322002 (1880), 0.416260588469 (2580), 0.510372568073 (2046)
CGAC, 2.000, 0.411245943798 (1550), 0.396597242032 (1134), 0.315593720235 (1541), 0.368707472882 (1307)
CGTA, 2.000, 0.0623647942883 (620), 0.760104067671 (482), 0.116416672299 (655), 0.686015874207 (560)
CGTT, 2.000, 0.0844735701139 (1251), 0.408627573094 (972), 0.379059496341 (1454), 0.185779545781 (1156)
CGTG, 2.000, 0.58981480392 (1298), 0.400804535625 (938), 0.391236906658 (1519), 0.399088446096 (1080)
CGTC, 2.000, 0.444212271939 (1679), 0.483256580686 (1108), 0.473564051664 (1637), 0.127355552591 (1274)
CGGA, 2.000, 0.148341595107 (1923), 0.433395961052 (1637), 0.318667733293 (2336), 0.30393659585 (1757)
CGGT, 2.000, 0.260296301431 (889), 0.72618226484 (769), 0.485610824976 (1199), 0.153726568166 (869)
CGGG, 1.000, 0.0626712966042 (2534), 0.100883445085 (2102), 0.0888092181728 (3343), 0.146036229353 (2462)
CGGC, 1.000, 0.138446609505 (4826), 0.167052518801 (4009), 0.137979857255 (6078), 0.145499841509 (4703)
CGCA, 2.000, 0.478923531813 (2296), 0.310377390088 (1561), 0.370405848008 (2468), 0.206647039353 (1887)
CGCT, 2.000, 0.202415809576 (2263), 0.272458507383 (1580), 0.39568296623 (2414), 0.484031697959 (1879)
CGCG, 1.000, 0.0948359598258 (1857), 0.0635145717798 (1551), 0.0534666627615 (2417), 0.274860368921 (1800)
CGCC, 2.000, 0.302353501619 (3949), 0.199118654756 (2834), 0.146443138472 (4201), 0.168117872746 (3244)
CCAA, 2.000, 0.105653511162 (3173), 0.159931766644 (2233), 0.503777235705 (3437), 0.608158984473 (2818)
CCAT, 2.000, 0.406465253326 (2040), 0.630411060932 (1363), 0.749302184906 (2080), 0.49542093224 (1617)
CCAG, 2.000, 0.535986847939 (4182), 0.55038812522 (3343), 0.363540644723 (5068), 0.240685219984 (4048)
CCAC, 2.000, 0.487504239746 (4238), 0.248293318044 (2725), 0.449498984823 (4148), 0.293189868527 (3249)
CCTA, 1.000, 0.1132444206 (538), -0.00738615314991 (403), 0.00661189009254 (627), 0.190661083467 (485)
CCTT, 2.000, 0.530458546968 (2159), 0.579902599236 (1552), 0.397065244815 (2275), 0.579220595238 (1736)
CCTG, 2.000, 0.535557993468 (2461), 0.302194910646 (1855), 0.470439440193 (2665), 0.458940951241 (2144)
CCTC, 2.000, 0.189228158661 (3120), 0.453787464722 (2214), 0.423181191873 (3008), 0.335596112438 (2227)
CCGA, 2.000, 0.0249596835094 (1343), 0.352454611229 (1030), 0.246968059134 (1532), 0.424177365334 (1234)
CCGT, 2.000, 0.281196921207 (979), 0.151907444628 (761), 0.289275290405 (1228), 0.197477473622 (930)
CCGG, 1.000, 0.119842558807 (2834), 0.0225064748354 (2795), 0.143769204791 (4178), 0.0181911675171 (3351)
CCGC, 2.000, 0.298615232575 (3194), 0.450367250294 (2385), 0.202081889846 (3430), 0.220754045966 (2580)
CCCA, 1.000, 0.242616564203 (3792), 0.220673765585 (2738), 0.136068350264 (4216), 0.0391833495839 (3348)
CCCT, 1.000, 0.288390722918 (1879), 0.0866891538231 (1429), 0.132659467626 (2096), 0.396708534344 (1676)
CCCG, 1.000, 0.0916911392446 (2697), 0.100849848404 (2117), 0.207896299494 (3244), 0.0793296417859 (2532)
CCCC, 1.000, 0.0460604099796 (2356), 0.0835740295095 (1516), 0.204272790534 (2338), -0.00434129718538 (1721)
