-- [Wild-type D. melanogaster, Hexamer test] --
motif, 1st_quartile, R(10), R(50), R(100), R(200)
AAAA, 2.000, 0.557440744411, 0.516761065072, 0.283551479256, 0.611215582318
AAAT, 2.000, 0.455588986757, 0.492651720861, 0.416827208679, 0.63825611185
AAAG, 2.000, 0.656797079959, 0.43142757113, 0.370475154815, 0.577392918469
AAAC, 2.000, 0.233711350584, 0.441948491226, 0.301213579797, 0.47912607402
AATA, 2.000, 0.534128666323, 0.443736567129, 0.448911051679, 0.278867304856
AATT, 2.000, 0.724639897176, 0.521260510926, 0.378787050652, 0.194252880891
AATG, 2.000, 0.859632234084, 0.216546469815, 0.181631268559, 0.613088973667
AATC, 2.000, 0.856192669198, 0.303221685708, 0.391778851539, 0.563091904656
AAGA, 2.000, 0.738711929009, 0.431194405445, 0.638701819644, 0.212098989233
AAGT, 2.000, 0.178397152184, 0.792094132783, 0.556962853768, 0.301997924992
AAGG, 2.000, 0.567864597487, 0.3542218177, 0.603675116368, 0.374881000322
AAGC, 2.000, 0.410073718599, 0.281414366526, 0.306163634304, 0.208732108668
AACA, 2.000, 0.488507342111, 0.540916059554, 0.436863862677, 0.534504186987
AACT, 2.000, 0.292431947666, 0.54881144943, 0.554580430626, 0.388197319416
AACG, 2.000, 0.537259793933, 0.698669761038, 0.498506593452, 0.199517762341
AACC, 1.000, 0.114881299605, 0.339727621623, 0.0476203534324, -0.004718580905
ATAA, 2.000, 0.468429843468, 0.59909447706, 0.397629879155, 0.308738163941
ATAT, 2.000, 0.177740677676, 0.531833041872, 0.405185494358, 0.334715513522
ATAG, 2.000, 0.9894115995, 0.751278870371, 0.835990608032, 0.313186125634
ATAC, 2.000, 0.216034746068, 0.376302510483, 0.0789440609657, 0.367224597501
ATTA, 2.000, 0.174859705269, 0.374275421875, 0.325366911698, 0.339758588005
ATTT, 2.000, 0.130670936217, 0.291124942478, 0.423315725301, 0.365176782745
ATTG, 2.000, 0.605875992285, 0.0821338217402, 0.477303922316, 0.363854334418
ATTC, 2.000, 0.252984086415, 0.133687589227, 0.624794899582, 0.485607568776
ATGA, 2.000, 0.316624043547, 0.363884127433, 0.403648977214, 0.669088771635
ATGT, 2.000, 0.427494282627, 0.31173918697, 0.30935911596, 0.692448842851
ATGG, 2.000, 0.697872179156, 0.857800162825, 0.513884680278, 0.648916023528
ATGC, 2.000, 0.382970656966, 0.585035837502, 0.260631966877, 0.585788675983
ATCA, 2.000, 0.523452576701, 0.621684113037, 0.320020645887, 0.301507218216
ATCT, 2.000, 0.675927254459, 0.544437833552, 0.604764358714, 0.421583154178
ATCG, 2.000, 0.315391508295, 0.212889836203, 0.369554943406, 0.399199906264
ATCC, 2.000, 0.775220960493, 0.683855356264, 0.384516565866, 0.531435057264
AGAA, 2.000, 0.541334802174, 0.206078960414, 0.231216011496, 0.646752798998
AGAT, 2.000, 0.822162080337, 0.550898518162, 0.528485392529, 0.242858675092
AGAG, 2.000, 0.131054079685, 0.318516312863, 0.175368948605, 0.224663820917
AGAC, 2.000, 0.0571410661443, 0.597744344334, 0.25307021672, 0.726883075533
AGTA, 2.000, 0.0598228185045, 0.222518856058, 0.16041174635, 0.424183934845
AGTT, 2.000, 0.465145061183, 0.833564212605, 0.495549506951, 0.254676393366
AGTG, 2.000, 0.881921054574, 0.763204140935, 0.828118365943, 0.63371157638
AGTC, 2.000, 0.659951922663, 0.408612423307, 0.716132409632, 0.493742935359
AGGA, 2.000, 0.571962506804, 0.333008487767, 0.441682515253, 0.483884273503
AGGT, 2.000, 0.785580313877, 0.404843895347, 0.419611021279, 0.320970593883
AGGG, 1.000, 0.0659937445749, 0.0724198375701, 0.135912320852, 0.0989743131902
AGGC, 2.000, 0.469990945147, 0.455687225919, 0.293173759373, 0.151033434113
AGCA, 2.000, 0.0780040897983, 0.534202977976, 0.249740211718, 0.478785538256
AGCT, 2.000, 0.922374162959, 0.588896635044, 0.54308861106, 0.598779160402
AGCG, 2.000, 0.0849340439131, 0.436916442904, 0.444446120403, 0.288233910752
AGCC, 2.000, 0.270063442945, 0.125394943773, 0.295350454473, 0.244153726745
ACAA, 2.000, 0.308707424911, 0.500285699792, 0.288856732124, 0.415393608862
ACAT, 2.000, 0.111525669712, 0.624624433238, 0.312375638634, 0.674473141535
ACAG, 2.000, 0.705176458552, 0.409379224527, 0.290532641511, 0.539411218787
ACAC, 2.000, 0.407206342288, 0.556775114978, 0.43622205095, 0.336052527607
ACTA, 2.000, 0.397220917894, 0.86649498207, 0.365214635314, 0.763509345038
ACTT, 2.000, 0.348212471647, 0.592626631195, 0.647419394757, 0.485091538954
ACTG, 2.000, 0.114452553531, 0.272937661783, 0.337888627116, 0.193802837716
ACTC, 2.000, 0.209094707258, 0.170165773418, 0.397821873832, 0.345773646646
ACGA, 2.000, 0.826553468814, 0.440965347808, 0.693398441703, 0.518352449057
ACGT, 2.000, 0.075166148707, 0.363791527029, 0.51258805841, 0.505468848645
ACGG, 2.000, 0.366500161873, 0.480268046215, 0.482736767711, 0.837760615692
ACGC, 2.000, 0.897079030003, 0.559162870152, 0.394270269335, 0.717938566201
ACCA, 2.000, 0.285885922792, 0.589318611004, 0.507501853473, 0.620124899664
ACCT, 2.000, 0.66929845733, 0.433821390487, 0.563420627453, 0.540489996336
ACCG, 1.000, 0.0593034784471, 0.162911831277, 0.322296973894, 0.159879335732
ACCC, 1.000, 0.149038659126, 0.200003082254, 0.182563595059, 0.023835030964
TAAA, 2.000, 0.579482809315, 0.434813893042, 0.407884006918, 0.309435793161
TAAT, 2.000, 0.214838500817, 0.380478473672, 0.393971823784, 0.479829420875
TAAG, 2.000, 0.311672485329, 0.0575142827277, 0.31131594867, 0.600702868936
TAAC, 2.000, 0.0505024822549, 0.76719323626, 0.172872869074, 0.297166252613
TATA, 2.000, 0.17086482799, 0.524993215283, 0.358478348469, 0.212854966349
TATT, 2.000, 0.545662768691, 0.430233765045, 0.309481927236, 0.23138887527
TATG, 2.000, 0.264467854175, 0.798348371306, 0.84186127524, 0.195474196736
TATC, 2.000, 0.846515672988, 0.0790013249605, 0.450656809984, 0.372922809079
TAGA, 2.000, 0.995316170269, 0.661719884559, 0.236484045296, 0.538380276463
TAGT, 2.000, 0.953977454641, 0.797068245814, 0.825923632167, 0.55808480786
TAGG, 1.000, -0.00159228617851, 0.29484150782, 0.222837087721, 0.197500532731
TAGC, 2.000, 0.83325736996, 0.543564967256, 0.333541896552, 0.360417828383
TACA, 2.000, 0.401238496653, 0.463977472723, 0.244997844179, 0.485193852021
TACT, 2.000, 0.305284220165, 0.313298944294, 0.834803299319, 0.650240961427
TACG, 2.000, 0.361193092169, 0.591601451857, 0.479074854324, 0.809936278889
TACC, 2.000, 0.195714174345, 0.478734050266, 0.131839513938, 0.438542284486
TTAA, 2.000, 0.465170111393, 0.257157358479, 0.586489544002, 0.383347137441
TTAT, 2.000, 0.109282197536, 0.476396281111, 0.366230626971, 0.159074534837
TTAG, 2.000, 0.746391829457, 0.911105160649, 0.607853212238, 0.443906098051
TTAC, 2.000, 0.2285727978, 0.271645567122, 0.314416632633, 0.349793405099
TTTA, 2.000, 0.349155047126, 0.280966720432, 0.151923367036, 0.15881405888
TTTT, 2.000, 0.671535184896, 0.373371041976, 0.373698794203, 0.221371652023
TTTG, 2.000, 0.217028659784, 0.501679948031, 0.48816623033, 0.45102661438
TTTC, 2.000, 0.551068687404, 0.419659092614, 0.252882434632, 0.521176228883
TTGA, 2.000, 0.206271444134, 0.222471983169, 0.568947455083, 0.30180863384
TTGT, 2.000, 0.383957189822, 0.551038261482, 0.303755087172, 0.295054957534
TTGG, 2.000, 0.325743464839, 0.521674688833, 0.385111395335, 0.592473667868
TTGC, 2.000, 0.599193403496, 0.602300670349, 0.550641492469, 0.308318637688
TTCA, 2.000, 0.491494920039, 0.269100509061, 0.249245068079, 0.448683800356
TTCT, 2.000, 0.472389724123, 0.711139266503, 0.658676378103, 0.633907758053
TTCG, 2.000, 0.305958956924, 0.284743007072, 0.354071638011, 0.629544284068
TTCC, 2.000, 0.289833193566, 0.531611050383, 0.63622344797, 0.260439146981
TGAA, 2.000, 0.936490955424, 0.388840513055, 0.474633610554, 0.386804794237
TGAT, 2.000, 0.238461736834, 0.515391246505, 0.620251954908, 0.645942110756
TGAG, 2.000, 0.628843387561, 0.397283122237, 0.275141909038, 0.262186332356
TGAC, 2.000, 0.317898667427, 0.714683028952, 0.415863017432, 0.492042229119
TGTA, 2.000, 0.505120352322, 0.3636335928, 0.381468649587, 0.667756597673
TGTT, 2.000, 0.748768045039, 0.354777044186, 0.673991459885, 0.559643413154
TGTG, 2.000, 0.404367837086, 0.473905437782, 0.382128740107, 0.713719422188
TGTC, 2.000, 0.456224548169, 0.482898354589, 0.156478151368, 0.537608857842
TGGA, 2.000, 0.372729629356, 0.421285834661, 0.502966496867, 0.405919096833
TGGT, 2.000, 0.435354036985, 0.290067842926, 0.518891585686, 0.666670513124
TGGG, 1.000, 0.114260590373, 0.066372144875, 0.0951335846222, 0.340898472133
TGGC, 2.000, 0.55189021346, 0.403908342667, 0.421575439073, 0.540082056165
TGCA, 2.000, 0.203855811884, 0.541845167932, 0.115881328284, 0.60294167083
TGCT, 2.000, 0.465558809743, 0.79895425325, 0.505185488904, 0.462869129573
TGCG, 2.000, 0.24057189009, 0.583105664715, 0.790801885402, 0.347216859576
TGCC, 2.000, 0.561188259292, 0.414147873576, 0.333870648743, 0.315226772419
TCAA, 2.000, 0.179471371833, 0.240207153302, 0.547858571954, 0.762756715231
TCAT, 2.000, 0.0888898837201, 0.537071507528, 0.468476487251, 0.115398553767
TCAG, 2.000, 0.34235154091, 0.247848956033, 0.459048907636, 0.29176189506
TCAC, 2.000, 0.491438627878, 0.610563514592, 0.810677889489, 0.160920071453
TCTA, 2.000, 0.211296540564, 0.641980495059, 0.49893438846, 0.440062922709
TCTT, 2.000, 0.367262066671, 0.546011590225, 0.669256564339, 0.644085152807
TCTG, 2.000, 0.750137594021, 0.482702201601, 0.513653566882, 0.530963828321
TCTC, 2.000, 0.737638824874, 0.507302482198, 0.113344768752, 0.190982632501
TCGA, 2.000, 0.582882902791, 0.390202471301, 0.515256338637, 0.64373067626
TCGT, 2.000, 0.379699694149, 0.49971082696, 0.488854437924, 0.695415558524
TCGG, 2.000, 0.22927188246, 0.644839706432, 0.603667735927, 0.160103537755
TCGC, 2.000, 0.451573917938, 0.564254257641, 0.416530663531, 0.255548052221
TCCA, 2.000, 0.738986888321, 0.457729141412, 0.595320744522, 0.646656071297
TCCT, 2.000, 0.386239664658, 0.373564613018, 0.652178832304, 0.573241990367
TCCG, 2.000, 0.21843078606, 0.427867019009, 0.219877875564, 0.669347401792
TCCC, 1.000, 0.0992880056851, 0.00719486451107, 0.125824108225, 0.237811821648
GAAA, 2.000, 0.277449224999, 0.479194388534, 0.422836765579, 0.700005475848
GAAT, 2.000, 0.525827892465, 0.164849478408, 0.345869449683, 0.370736978749
GAAG, 2.000, 0.737633513958, 0.512431070725, 0.420925715116, 0.381861402171
GAAC, 2.000, 0.685871375882, 0.386108665011, 0.64610328069, 0.290121283098
GATA, 2.000, 0.150870166859, 0.0550998330083, 0.284900573506, 0.729231630833
GATT, 2.000, 0.57951030784, 0.373372377942, 0.538519973274, 0.546458562373
GATG, 2.000, 0.690146888463, 0.507443793127, 0.685604327241, 0.714669996288
GATC, 2.000, 0.732193165053, 0.64461682672, 0.500143587837, 0.598580525926
GAGA, 2.000, 0.803310169355, 0.157568714057, 0.514140823444, 0.435816854539
GAGT, 2.000, 0.979934934313, 0.439916532644, 0.734158985152, 0.840859047283
GAGG, 2.000, 0.229425182036, 0.634821396828, 0.257984390145, 0.416524493409
GAGC, 2.000, 0.443303659844, 0.589016384899, 0.620708462536, 0.663947882646
GACA, 2.000, 0.195178790328, 0.442452517395, 0.526986046387, 0.476401724544
GACT, 2.000, 0.322191622284, 0.140699885857, 0.672575725671, 0.535829069744
GACG, 2.000, 0.345969069461, 0.38404227266, 0.486959498174, 0.255634609872
GACC, 2.000, 0.121524177971, 0.294853331788, 0.337941440981, 0.565842496985
GTAA, 2.000, 0.552730937492, 0.335120469866, 0.489702121075, 0.179781160065
GTAT, 2.000, 0.500371391527, 0.410471717852, 0.253387508211, 0.343353932525
GTAG, 2.000, 0.190344800892, 0.57931065607, 0.474040328068, 0.890383624284
GTAC, 2.000, 0.260783045098, 0.830689059162, 0.610700857278, 0.750156944606
GTTA, 2.000, 0.299729757906, 0.129973928927, 0.471044274844, 0.0201220507515
GTTT, 2.000, 0.418996825341, 0.188938146088, 0.767313498115, 0.408388463684
GTTG, 2.000, 0.594789837291, 0.515707078669, 0.518392778136, 0.399318705818
GTTC, 2.000, 0.39584187323, 0.366933165958, 0.619380533512, 0.380903617464
GTGA, 2.000, 0.414191410418, 0.234843073145, 0.312683282791, 0.336312753
GTGT, 2.000, 0.97118632486, 0.655297225277, 0.566879888457, 0.111594537378
GTGG, 2.000, 0.554884624583, 0.491090430748, 0.469047465447, 0.232055824325
GTGC, 2.000, 0.597588971912, 0.360254062819, 0.502867109844, 0.51661304089
GTCA, 2.000, 0.746932023143, 0.592972572163, 0.721462250393, 0.501870901698
GTCT, 2.000, 0.899805664521, 0.277417822162, 0.382254862636, 0.113778720644
GTCG, 2.000, 0.511614419419, 0.247056037268, 0.536883237506, 0.642835605134
GTCC, 2.000, 0.352683880427, 0.403158053647, 0.533466976744, 0.36029951482
GGAA, 1.000, 0.17107804571, 0.0486709863811, 0.179653151945, 0.119391905015
GGAT, 2.000, 0.402884242474, 0.370587136296, 0.360139356898, 0.311935267437
GGAG, 2.000, 0.611032536425, 0.39088562885, 0.399009646388, 0.333965435927
GGAC, 2.000, 0.504537218582, 0.482019723997, 0.504542294588, 0.312483133045
GGTA, 1.000, 0.0518374059074, 0.513381102715, 0.102276770366, 0.0351895862123
GGTT, 1.000, 0.149122561799, 0.0322763963791, 0.0225775976983, 0.036463638469
GGTG, 2.000, 0.345184859357, 0.600756418249, 0.444263761562, 0.496586358976
GGTC, 2.000, 0.4304246148, 0.458410112736, 0.162096986166, 0.204443186621
GGGA, 1.000, 0.0777931912647, 0.0656004472362, 0.0408069183475, 0.107046667736
GGGT, 1.000, 0.0923860293046, 0.368330823424, 0.227128222542, 0.0245160610702
GGGG, 1.000, 0.0895849740715, 0.176901789659, 0.00469443083429, -0.0177273885408
GGGC, 1.000, 0.0831847731827, 0.124276107301, 0.177505772364, 0.182497463604
GGCA, 2.000, 0.0416191852723, 0.231314525778, 0.300529693407, 0.188297200254
GGCT, 2.000, 0.198001998832, 0.528891075856, 0.56407568161, 0.445662191507
GGCG, 1.000, 0.117681131366, 0.344839504979, 0.185672643188, 0.170752953311
GGCC, 1.000, 0.176921662741, 0.200147889334, 0.163791770924, 0.126351323328
GCAA, 2.000, 0.195950430753, 0.620705550667, 0.52707502969, 0.399258005919
GCAT, 2.000, 0.260831920982, 0.754246682027, 0.192399552609, 0.469304381554
GCAG, 2.000, 0.537479169237, 0.370920460463, 0.359917205825, 0.59408417433
GCAC, 2.000, 0.643052369342, 0.522059199506, 0.655473038486, 0.524727392205
GCTA, 2.000, 0.22357343522, 0.626361499442, 0.876719165599, 0.495555804644
GCTT, 2.000, 0.727114762675, 0.576794987845, 0.691635124305, 0.437334801776
GCTG, 2.000, 0.526050918172, 0.546703333251, 0.72101916677, 0.561069627554
GCTC, 2.000, 0.231670647342, 0.240016908524, 0.67304121913, 0.394041015609
GCGA, 2.000, 0.217910416458, 0.305775606671, 0.491742506931, 0.407760531893
GCGT, 2.000, 0.303051681911, 0.526546393825, 0.681971471706, 0.642059079892
GCGG, 1.000, 0.118290274717, 0.339413552934, 0.196014324661, 0.172646910426
GCGC, 2.000, 0.455546726137, 0.476240256325, 0.419944268822, 0.309672612117
GCCA, 2.000, 0.421437659904, 0.346244314073, 0.485262782246, 0.526748190811
GCCT, 2.000, 0.514787056046, 0.380406081684, 0.660356525101, 0.196926433237
GCCG, 1.000, 0.106137201594, 0.242241856087, 0.165596189958, 0.108385088167
GCCC, 1.000, 0.109013249584, 0.290737570589, 0.1538387327, 0.282432376097
CAAA, 2.000, 0.260996784799, 0.297698107574, 0.398508712351, 0.638806919136
CAAT, 2.000, 0.712920897941, 0.323052361549, 0.236756655236, 0.765978437953
CAAG, 2.000, 0.579295901771, 0.667742254278, 0.490318020229, 0.446728752038
CAAC, 2.000, 0.437640040472, 0.534867577597, 0.478612124862, 0.591722610403
CATA, 2.000, 0.088367225647, 0.0518425704861, 0.0927180569113, 0.197847034577
CATT, 2.000, 0.325564007281, 0.2413125134, 0.80618616353, 0.583709653754
CATG, 2.000, 0.319194547095, 0.414760582932, 0.568214524835, 0.630971136425
CATC, 2.000, 0.763162447987, 0.735210498653, 0.775047557874, 0.357953867344
CAGA, 2.000, 0.49390084643, 0.341920618048, 0.709885536237, 0.296489882286
CAGT, 2.000, 0.948488751537, 0.596951163779, 0.585779966115, 0.289733393935
CAGG, 2.000, 0.430357097651, 0.205349122362, 0.509901240343, 0.0532959020843
CAGC, 2.000, 0.463090264883, 0.54803851904, 0.358246311815, 0.476815757518
CACA, 2.000, 0.517442277795, 0.146529053335, 0.526052670705, 0.511861322727
CACT, 2.000, 0.908439474223, 0.12677134254, 0.507832950356, 0.672988865131
CACG, 2.000, 0.448378848718, 0.724767955211, 0.429078469376, 0.414180625006
CACC, 2.000, 0.332949371428, 0.590450587514, 0.50033106534, 0.323788745601
CTAA, 2.000, 0.724336310182, 0.602673603955, 0.786576428101, 0.452458513644
CTAT, 2.000, 0.237542898975, 0.440679144629, 0.516558423053, 0.261279442707
CTAG, 1.000, 0.156597627507, 0.0510399267175, 0.304269256248, 0.400670648716
CTAC, 2.000, 0.315944129719, 0.449445847391, 0.588252080547, 0.642507549803
CTTA, 2.000, 0.450495025913, 0.764834375395, 0.692094623769, 0.525115214141
CTTT, 2.000, 0.19849057202, 0.681183064239, 0.582129560553, 0.268526294293
CTTG, 2.000, 0.47109596706, 0.567105616459, 0.610377745097, 0.627460262841
CTTC, 2.000, 0.808704209933, 0.573875892168, 0.57463276641, 0.52224493791
CTGA, 2.000, 0.669850915917, 0.727472124675, 0.547316789541, 0.249648197821
CTGT, 2.000, 0.353416273214, 0.799472020534, 0.70555776199, 0.23795846768
CTGG, 2.000, 0.375284098288, 0.562483773754, 0.501525240321, 0.407650357256
CTGC, 2.000, 0.480500865964, 0.772377695503, 0.478189947844, 0.559663953738
CTCA, 2.000, 0.841847883215, 0.73847227296, 0.481663468811, 0.452753231973
CTCT, 2.000, 0.898385274213, 0.563099246247, 0.154604802118, 0.449351459619
CTCG, 2.000, 0.900749206398, 0.448007720389, 0.455987800688, 0.200225315581
CTCC, 2.000, 0.224719088681, 0.35942028616, 0.607031683253, 0.581767000709
CGAA, 2.000, 0.528591118714, 0.218001543914, 0.662349702671, 0.299106185418
CGAT, 2.000, 0.850250553005, 0.214119716412, 0.388302721101, 0.521958689949
CGAG, 2.000, 0.835038022885, 0.481251019678, 0.523680542612, 0.679042249972
CGAC, 2.000, 0.383626931554, 0.439159512299, 0.559655836822, 0.330849120481
CGTA, 2.000, 0.902950516292, 0.761825050482, 0.141411955433, 0.690599674665
CGTT, 2.000, 0.254700417946, 0.535518165099, 0.514434034021, 0.37198989672
CGTG, 2.000, 0.304605537339, 0.393854028712, 0.374386276169, 0.515377674942
CGTC, 2.000, 0.27561540779, 0.629437730426, 0.593943808413, 0.164657892545
CGGA, 2.000, 0.171571822695, 0.366234282064, 0.484544258394, 0.289343971211
CGGT, 2.000, 0.442398803784, 0.789061660531, 0.6393089105, 0.301223972599
CGGG, 1.000, 0.063336394517, 0.185677563186, 0.100911416242, 0.231066584474
CGGC, 2.000, 0.250802009734, 0.451937068949, 0.387688911749, 0.530533034792
CGCA, 2.000, 0.640370921397, 0.478596002357, 0.426151844661, 0.547971041964
CGCT, 2.000, 0.367807762844, 0.289171065387, 0.48593774346, 0.652033310641
CGCG, 1.000, 0.0689978254904, 0.199862386466, 0.119035876056, 0.357956539137
CGCC, 2.000, 0.440112067354, 0.297765500828, 0.237389335178, 0.22692789507
CCAA, 2.000, 0.238080245662, 0.157653248791, 0.492300440963, 0.590325114325
CCAT, 2.000, 0.824273669744, 0.798998442247, 0.785457277156, 0.51358753464
CCAG, 2.000, 0.405495883364, 0.606597115681, 0.34504297521, 0.445003419006
CCAC, 2.000, 0.778871969577, 0.321309056217, 0.412893857012, 0.549548998775
CCTA, 1.000, 0.242205968704, -0.0193405293709, 0.070844749491, 0.37113997971
CCTT, 2.000, 0.580679198262, 0.521673787376, 0.469524878629, 0.637060403487
CCTG, 2.000, 0.695750257727, 0.41638912244, 0.399141692891, 0.441525632763
CCTC, 2.000, 0.157283157549, 0.624777200718, 0.735061065718, 0.386226401844
CCGA, 1.000, -0.00140685604473, 0.19740840401, 0.153223853302, 0.271915660922
CCGT, 2.000, 0.356500862054, 0.485364432764, 0.414904375195, 0.259021529174
CCGG, 1.000, 0.108945112041, 0.0516323510019, 0.176017240817, 0.0374229171649
CCGC, 1.000, 0.117139316244, 0.274695482937, 0.0918275872849, 0.115807923213
CCCA, 1.000, 0.221869423737, 0.255524964585, 0.229069476541, 0.0890606606331
CCCT, 1.000, 0.373794191158, 0.158227546572, 0.115960868137, 0.388555406547
CCCG, 1.000, 0.0561389122072, 0.073393646891, 0.214211777697, 0.116668910436
CCCC, 1.000, -0.0100510777403, 0.0926900118862, 0.262105309515, -0.00147513658292