
-- [Lahens IVTSeq-Plasmids] --
motif, 1st_quartile, R(10), R(50), R(100), R(200)
AAAA, 2.000, 0.782551432127 (519), 0.738527443022 (259), 0.406853349194 (368), 0.124648377082 (225)
AAAT, 2.000, 0.966147024578 (373), 0.729150999734 (278), 0.585424273303 (424), 0.301120794426 (288)
AAAG, 2.000, 0.983177395804 (279), 0.769913709136 (150), 0.554315264259 (234), 0.223519966754 (163)
AAAC, 2.000, 0.975865935643 (187), 0.778446566805 (109), 0.418641220847 (160), 0.281150260748 (116)
AATA, 2.000, 0.926740279084 (194), 0.750116506731 (109), 0.666973490791 (177), 0.0824426847524 (121)
AATT, 2.000, 0.966791041594 (214), 0.754030298076 (142), 0.625336114318 (195), 0.264706947825 (138)
AATG, 2.000, 0.98978654249 (137), 0.771458556191 (115), 0.645917784463 (154), 0.358856618859 (101)
AATC, 2.000, 0.991737462561 (50), 0.50020490935 (69), 0.280162267794 (70), 0.272850917043 (44)
AAGA, 2.000, 0.902283572972 (282), 0.527579090649 (179), 0.570859882292 (234), 0.151529626882 (129)
AAGT, 2.000, 0.987589565711 (121), 0.625377766676 (78), 0.678829054951 (111), 0.453956624266 (78)
AAGG, 2.000, 0.994805349628 (196), 0.806453494958 (127), 0.674062508578 (188), 0.267660000345 (111)
AAGC, 1.000, 0.707424264131 (191), 0.245542279995 (145), 0.280076748404 (184), 0.373822788636 (121)
AACA, 2.000, 0.877420085279 (193), 0.746435345119 (141), 0.632372034548 (166), 0.309299214225 (125)
AACT, 2.000, 0.977277462967 (125), 0.866770476536 (90), 0.824248312793 (92), 0.364475599974 (70)
AACG, 1.000, 0.564034567225 (16), 0 (9), 0.386585713711 (13), 0 (8)
AACC, 1.000, 0.646974631026 (132), 0.68511590837 (89), 0.242794958465 (132), 0.378429804471 (64)
ATAA, 2.000, 0.98641136279 (163), 0.651251900924 (104), 0.429919490659 (130), 0.140099374095 (103)
ATAT, 2.000, 0.902102463321 (128), 0.581533864108 (76), 0.728855280909 (108), 0.1198911039 (84)
ATAG, 2.000, 0.997572629347 (37), 0.842300816211 (36), 0.754521260892 (35), 0.0366934940255 (19)
ATAC, 2.000, 0.536895016477 (44), 0.44896326385 (35), 0.485046710227 (35), 0.12861687257 (23)
ATTA, 2.000, 0.752982911208 (121), 0.891011070864 (68), 0.521855622865 (107), 0.394719376063 (71)
ATTT, 2.000, 0.984081620953 (358), 0.81826185388 (279), 0.464629124681 (367), 0.3003522773 (303)
ATTG, 2.000, 0.992685301761 (99), 0.796692967659 (62), 0.641021447753 (101), 0.303740840753 (58)
ATTC, 2.000, 0.997368147453 (85), 0.831983060199 (66), 0.861951019309 (78), 0.261460660158 (55)
ATGA, 2.000, 0.912146760175 (168), 0.748818900189 (102), 0.173022688094 (119), 0.266105310583 (79)
ATGT, 2.000, 0.994550063718 (140), 0.857050710524 (77), 0.616998543302 (127), 0.353844498881 (85)
ATGG, 2.000, 0.991303173363 (169), 0.936136584953 (105), 0.734305824299 (120), 0.244528691303 (92)
ATGC, 2.000, 0.989070211067 (66), 0.875058034055 (58), 0.685744804676 (78), 0.397635939791 (45)
ATCA, 2.000, 0.994894621107 (123), 0.871432178582 (86), 0.622671545226 (98), 0.552866894867 (79)
ATCT, 2.000, 0.533031221987 (111), 0.758326194716 (83), 0.649895489822 (98), 0.128502114856 (76)
ATCG, 1.000, -0.054293495121 (23), 0.884091017569 (10), 0.982227758076 (16), 0.832373365267 (10)
ATCC, 2.000, 0.985662837297 (76), 0.40430496352 (61), 0.815806100291 (61), 0.755308793977 (49)
AGAA, 2.000, 0.891823162262 (347), 0.74852406565 (239), 0.537233534268 (282), 0.342750431382 (197)
AGAT, 2.000, 0.972139702867 (133), 0.613021843032 (78), 0.555703076686 (107), 0.311643471817 (75)
AGAG, 2.000, 0.730922602185 (224), 0.478635276423 (144), 0.792496306138 (199), 0.196615504613 (111)
AGAC, 2.000, 0.993632953346 (90), 0.854297519124 (65), 0.385032208395 (78), 0.425015061402 (40)
AGTA, 2.000, 0.98667064784 (56), 0.696226672273 (48), 0.841234651673 (59), 0.00379819175741 (28)
AGTT, 2.000, 0.913500381381 (102), 0.872947997186 (68), 0.479304006822 (126), 0.437805343716 (71)
AGTG, 2.000, 0.947259961746 (137), 0.848794286373 (97), 0.542766648505 (111), 0.59352170321 (110)
AGTC, 2.000, 0.98591032534 (58), 0.756244113445 (47), 0.918859059947 (59), 0.288490790605 (44)
AGGA, 2.000, 0.712654756553 (327), 0.756564534539 (219), 0.491865704115 (262), 0.184642727063 (176)
AGGT, 2.000, 0.984865898948 (120), 0.875047632486 (76), 0.503825094062 (103), 0.390322123821 (69)
AGGG, 2.000, 0.707630574254 (314), 0.586782850766 (221), 0.516435999461 (297), 0.435007148032 (207)
AGGC, 2.000, 0.825479575867 (234), 0.612688791392 (186), 0.343978001157 (232), 0.768290953771 (137)
AGCA, 2.000, 0.962537385405 (270), 0.845149003766 (171), 0.596238343126 (187), 0.228538635309 (141)
AGCT, 2.000, 0.989072552214 (225), 0.803916317498 (161), 0.380817140972 (218), 0.225769935978 (142)
AGCG, 1.000, 0.729533994742 (113), 0.650487239766 (82), 0.156215986022 (90), 0.240828347111 (57)
AGCC, 2.000, 0.856348086654 (281), 0.666895563235 (195), 0.579905824394 (290), 0.336111751633 (170)
ACAA, 2.000, 0.992009697225 (169), 0.729747763535 (109), 0.576283095959 (139), 0.127281062361 (91)
ACAT, 2.000, 0.996756355377 (114), 0.861032502297 (87), 0.592213717851 (122), 0.184358926344 (95)
ACAG, 2.000, 0.995764441622 (211), 0.878206397575 (152), 0.566659863001 (201), 0.261023010749 (137)
ACAC, 2.000, 0.801807858853 (230), 0.343088888521 (53), 0.652850004711 (89), 0.105031508206 (57)
ACTA, 2.000, 0.985347516461 (34), 0.970306768265 (21), 0.830383329118 (30), 0.498762283851 (35)
ACTT, 2.000, 0.864888239364 (128), 0.959394325263 (84), 0.21605499736 (125), 0.475967317873 (108)
ACTG, 2.000, 0.987779321263 (168), 0.928219863658 (115), 0.721463746682 (144), 0.345531647486 (103)
ACTC, 2.000, 0.995061920224 (63), 0.727745942228 (44), 0.460701727398 (67), 0.431381989637 (30)
ACGA, 1.000, 0.659242853912 (15), -0.271523270063 (15), 0.175580031977 (12), -0.305042431968 (10)
ACGT, 2.000, 0.997841759804 (19), 0.784294710582 (10), 0 (9), 0 (8)
ACGG, 1.000, 0.30454142521 (50), 0.168660899045 (41), 0.390829415074 (43), 0.61835116762 (21)
ACGC, 1.000, 0.163920103938 (40), 0.432024903259 (24), 0.548175098819 (36), 0.117477681318 (15)
ACCA, 2.000, 0.993845647622 (157), 0.822468652755 (119), 0.699212200086 (115), 0.567895341435 (82)
ACCT, 2.000, 0.881793382979 (137), 0.85575535854 (104), 0.523010983224 (113), 0.208919821865 (68)
ACCG, 1.000, -0.0128635952446 (49), 0.74460655056 (38), 0.531112658407 (40), -0.160776810662 (18)
ACCC, 1.000, 0.189912576559 (260), 0.804280074489 (181), 0.27218193486 (229), 0.238270843537 (142)
TAAA, 2.000, 0.984244946222 (302), 0.721432152723 (183), 0.543980757197 (302), 0.229557456745 (219)
TAAT, 2.000, 0.979752471835 (112), 0.896673792629 (71), 0.552992998117 (105), 0.282654035333 (67)
TAAG, 2.000, 0.995263455022 (58), 0.613689035993 (26), 0.83160877505 (48), 0.582703938341 (35)
TAAC, 2.000, 0.991526665277 (30), 0.684889255569 (42), 0.445890486614 (32), 0.546944020153 (30)
TATA, 2.000, 0.80995088155 (103), 0.766797716036 (60), 0.390947449611 (81), 0.316678617122 (62)
TATT, 2.000, 0.977673484026 (184), 0.78809831119 (133), 0.725849365292 (158), 0.147339505719 (117)
TATG, 2.000, 0.983910986953 (65), 0.532237309586 (42), 0.751340999166 (61), 0.0789751907329 (46)
TATC, 2.000, 0.986740432263 (33), 0.949484207776 (27), 0.853289386261 (23), 0.579931679514 (25)
TAGA, 2.000, 0.998499280308 (48), 0.932944491049 (32), 0.685935259609 (44), 0.299980120849 (47)
TAGT, 2.000, 0.987168105177 (42), 0.737487209598 (33), 0.330984805994 (35), 0.601447425471 (28)
TAGG, 2.000, 0.997038989582 (31), 0.994303354063 (19), 0.228456530163 (37), -0.0541062906858 (24)
TAGC, 1.000, 0.983004008554 (46), 0.261532435691 (39), 0.0719358333354 (49), 0.440598732484 (38)
TACA, 2.000, 0.9919769253 (118), 0.781674826555 (75), 0.606531167985 (116), 0.0354013905426 (71)
TACT, 2.000, 0.996193768415 (59), 0.935078471784 (38), 0.531169675379 (52), 0.436803377962 (51)
TACG, 1.000, 0.339125758734 (10), 0 (7), 0 (4), 0 (3)
TACC, 2.000, 0.996360729201 (44), 0.872837714442 (17), 0.68709039419 (28), 0.655347101128 (22)
TTAA, 2.000, 0.987605867183 (200), 0.795073649078 (150), 0.534748956216 (216), 0.139028726145 (163)
TTAT, 2.000, 0.990351193046 (128), 0.798230221073 (117), 0.69219436968 (140), 0.243875750805 (101)
TTAG, 2.000, 0.998326509984 (39), 0.785181387627 (31), 0.468860866073 (47), 0.558027119503 (39)
TTAC, 2.000, 0.994975156883 (62), 0.938861343926 (33), 0.706282358654 (48), -0.0423756845644 (42)
TTTA, 2.000, 0.988795826039 (267), 0.825927806155 (197), 0.567442767297 (298), 0.217932504648 (217)
TTTT, 2.000, 0.783309589076 (456), 0.78778765598 (250), 0.589627620194 (377), 0.270261819371 (294)
TTTG, 2.000, 0.982777917157 (278), 0.810785472862 (165), 0.621437647572 (207), 0.261944589596 (183)
TTTC, 2.000, 0.975181555979 (300), 0.837868350147 (208), 0.489201336839 (269), 0.147154140412 (201)
TTGA, 2.000, 0.990074742198 (138), 0.75854120002 (101), 0.56620785303 (124), 0.200629530268 (79)
TTGT, 2.000, 0.982824706386 (149), 0.78341415689 (118), 0.613275211225 (168), 0.201442200186 (100)
TTGG, 2.000, 0.851535217781 (138), 0.434510648127 (112), 0.754243536964 (123), 0.322632575587 (93)
TTGC, 2.000, 0.990896410623 (102), 0.676184424075 (63), 0.58682857827 (80), 0.553509527952 (57)
TTCA, 2.000, 0.990600546389 (291), 0.73709284021 (170), 0.58217926092 (224), 0.152623390243 (141)
TTCT, 2.000, 0.93495366425 (349), 0.742953396641 (259), 0.680201397281 (261), 0.276977120073 (174)
TTCG, 2.000, 0.995509938892 (19), 0 (9), 0.511617337637 (12), 0 (2)
TTCC, 2.000, 0.772500528 (238), 0.840520187069 (166), 0.522978942823 (220), 0.18197838049 (145)
TGAA, 2.000, 0.962566506082 (247), 0.82021774517 (171), 0.508225381556 (199), 0.436812629513 (138)
TGAT, 2.000, 0.986474455428 (89), 0.479606192239 (76), 0.630728560767 (74), 0.345672879736 (61)
TGAG, 2.000, 0.950852250244 (153), 0.886831264997 (128), 0.459735619086 (174), 0.544282530065 (112)
TGAC, 2.000, 0.991787316161 (90), 0.766482748858 (53), 0.549655921225 (83), 0.676468997513 (52)
TGTA, 2.000, 0.989302557594 (102), 0.771864380101 (54), 0.755545841501 (103), 0.365280498541 (70)
TGTT, 2.000, 0.943018323073 (178), 0.913181978923 (133), 0.622127190653 (188), 0.2659363539 (143)
TGTG, 2.000, 0.837048635097 (287), 0.820027831284 (120), 0.812225579293 (136), 0.488261967292 (133)
TGTC, 2.000, 0.988645717457 (98), 0.870402405903 (66), 0.780576664443 (91), 0.454511662866 (62)
TGGA, 2.000, 0.944654577586 (276), 0.874327713438 (205), 0.646269300389 (222), 0.212814655212 (139)
TGGT, 2.000, 0.996244544297 (152), 0.818603548501 (91), 0.518965922963 (121), 0.643545115607 (84)
TGGG, 2.000, 0.953908288694 (387), 0.839128224227 (258), 0.592027143052 (376), 0.315642020342 (266)
TGGC, 2.000, 0.758184399657 (299), 0.737198409088 (239), 0.531053124464 (258), 0.341447426659 (161)
TGCA, 2.000, 0.993109351437 (196), 0.780736457012 (121), 0.652095085251 (156), 0.570543651862 (106)
TGCT, 2.000, 0.881498668133 (261), 0.919667834903 (155), 0.748977694396 (203), 0.235651487911 (145)
TGCG, 1.000, 0.336817945896 (84), 0.679227657746 (35), 0.241537395421 (55), -0.0935318755491 (40)
TGCC, 2.000, 0.992072676803 (280), 0.767717570414 (212), 0.575375131639 (232), 0.517592109911 (161)
TCAA, 2.000, 0.915486302688 (125), 0.556003479531 (91), 0.298880469009 (113), 0.860922453545 (57)
TCAT, 2.000, 0.991304297246 (172), 0.829634807319 (119), 0.678594232122 (113), 0.319966369937 (85)
TCAG, 2.000, 0.989999231957 (185), 0.811193238597 (150), 0.744020199907 (200), 0.249456819284 (133)
TCAC, 2.000, 0.611984134009 (108), 0.830005327225 (77), 0.552797335768 (102), 0.438685395054 (67)
TCTA, 2.000, 0.984145425989 (44), 0.799482284744 (39), 0.616270879901 (47), 0.412683588308 (33)
TCTT, 2.000, 0.789280445422 (347), 0.768217400492 (192), 0.58823994485 (234), 0.0831040653269 (115)
TCTG, 2.000, 0.981943589725 (282), 0.883242395058 (192), 0.686709870616 (223), 0.0669816730797 (153)
TCTC, 2.000, 0.989279170057 (162), 0.805588036576 (133), 0.326470329053 (134), 0.0428793232402 (104)
TCGA, 2.000, 0.988701807211 (15), 0 (8), -0.260001565214 (16), -0.127422233889 (11)
TCGT, 2.000, 0.996796448514 (18), 0 (8), 0.897112122308 (12), 0 (7)
TCGG, 2.000, 0.858694976382 (39), 0.408355174563 (28), 0.48299675927 (33), 0.564431877381 (18)
TCGC, 1.000, 0.811872796387 (62), 0.0883634602957 (28), 0.722342359212 (37), -0.183436913216 (13)
TCCA, 2.000, 0.979994834909 (268), 0.583938175144 (197), 0.734093389491 (215), 0.358738881928 (147)
TCCT, 2.000, 0.83705660648 (363), 0.905639143127 (218), 0.661565102986 (303), 0.278762075144 (178)
TCCG, 1.000, 0.495328957355 (58), 0.852887771579 (51), 0.7448409486 (55), 0.0289293446454 (28)
TCCC, 2.000, 0.984183498289 (229), 0.773808669177 (178), 0.603208461777 (255), 0.160993006753 (188)
GAAA, 2.000, 0.92073409892 (288), 0.83782858855 (207), 0.530659381369 (259), 0.453869897042 (172)
GAAT, 2.000, 0.992692816392 (82), 0.72637041357 (63), 0.638560665953 (87), 0.143827603959 (56)
GAAG, 2.000, 0.864812027624 (302), 0.835755777459 (203), 0.745278185453 (225), 0.359084470632 (154)
GAAC, 1.000, 0.241865176073 (105), 0.2690705034 (86), 0.542946159884 (104), 0.356208766183 (54)
GATA, 2.000, 0.963989339981 (35), 0.958993732313 (27), 0.447547167019 (30), 0.202080596109 (18)
GATT, 2.000, 0.687739595541 (87), 0.445910463177 (53), 0.643459907523 (69), 0.253189259322 (48)
GATG, 2.000, 0.993110456498 (173), 0.840213986084 (113), 0.501007942257 (120), 0.533786564066 (63)
GATC, 2.000, 0.987941351049 (46), 0.889608760218 (35), 0.496653842025 (36), 0.501613529199 (11)
GAGA, 2.000, 0.68742704504 (200), 0.834833663967 (132), 0.630529165711 (184), 0.105058301342 (92)
GAGT, 2.000, 0.82891935883 (62), 0.655353843993 (44), 0.355738946613 (55), 0.243138679016 (62)
GAGG, 2.000, 0.693605945588 (389), 0.643515760724 (258), 0.654690616243 (291), 0.353226437477 (193)
GAGC, 2.000, 0.882427087763 (216), 0.695617851394 (152), 0.249267125441 (205), -0.0114245363511 (98)
GACA, 2.000, 0.990968919987 (118), 0.706880254551 (86), 0.546458036184 (113), 0.30191171424 (61)
GACT, 2.000, 0.996164497453 (69), 0.63781287272 (60), 0.457091610226 (60), 0.109321754313 (45)
GACG, 1.000, 0.805294348948 (44), -0.0100914957082 (39), 0.239351685026 (41), 0.456021511971 (26)
GACC, 2.000, 0.993254509972 (96), 0.828877676607 (76), 0.64450259888 (102), 0.203286949726 (52)
GTAA, 2.000, 0.994675182805 (51), 0.868215224943 (45), 0.728084408053 (57), 0.448648867344 (42)
GTAT, 2.000, 0.988074456678 (33), 0.936968598113 (32), 0.9581212452 (33), 0.287505489418 (24)
GTAG, 2.000, 0.957508791556 (44), 0.937026714662 (31), 0.521295968323 (33), -0.0439463665199 (26)
GTAC, 2.000, 0.986808783053 (36), 0.867505393391 (21), 0.486086455684 (28), -0.146495984552 (21)
GTTA, 2.000, 0.985053658991 (36), 0.906406378026 (24), 0.923263158679 (23), 0.553112238966 (34)
GTTT, 2.000, 0.991790173743 (142), 0.877723602555 (105), 0.560996135105 (168), 0.300059335565 (119)
GTTG, 2.000, 0.949118043451 (100), 0.644616630092 (66), 0.501628499892 (70), 0.109346732793 (43)
GTTC, 2.000, 0.945849482282 (88), 0.709488827707 (50), 0.366159807266 (57), -0.0131994042778 (37)
GTGA, 2.000, 0.990347253827 (79), 0.537193802564 (57), 0.541745392404 (87), 0.341361209913 (56)
GTGT, 2.000, 0.698952610724 (196), 0.863135037358 (64), 0.689121419236 (74), 0.465454487281 (50)
GTGG, 2.000, 0.98527365817 (245), 0.876695316407 (145), 0.69909756209 (226), 0.388249025202 (142)
GTGC, 2.000, 0.85103559513 (143), 0.458100943402 (83), 0.652076348209 (107), 0.61580091379 (63)
GTCA, 2.000, 0.991737164317 (81), 0.871548216956 (55), 0.898435762446 (67), 0.53343181711 (52)
GTCT, 2.000, 0.992750380264 (83), 0.695472262007 (53), 0.653062128143 (87), -0.0547061163297 (54)
GTCG, 2.000, 0.998375222436 (19), 0.199977819211 (19), -0.0785650591058 (19), 0 (5)
GTCC, 2.000, 0.983701158873 (111), 0.855699535533 (64), 0.694718534351 (110), 0.262502314198 (67)
GGAA, 2.000, 0.835043259373 (223), 0.598548391076 (143), 0.596414072885 (190), 0.0928734518707 (122)
GGAT, 2.000, 0.943605975206 (89), 0.585708771136 (44), 0.673282940787 (66), 0.742977077077 (40)
GGAG, 2.000, 0.742847211349 (453), 0.764285642925 (333), 0.567174853783 (388), 0.152826087625 (253)
GGAC, 2.000, 0.966673386054 (148), 0.736556770656 (83), 0.688555661438 (93), 0.095763939993 (72)
GGTA, 2.000, 0.984916783485 (40), 0.773926127078 (25), 0.685785024285 (34), 0.142841839645 (19)
GGTT, 2.000, 0.82914903971 (78), 0.63137357769 (49), 0.132808971349 (60), 0.489223134597 (55)
GGTG, 2.000, 0.869596374949 (222), 0.856468231203 (144), 0.581525600466 (168), 0.641033981294 (103)
GGTC, 2.000, 0.99156074606 (96), 0.79569166248 (65), 0.728666478561 (66), 0.494593863673 (57)
GGGA, 1.000, 0.460703385575 (426), 0.312626465784 (301), 0.336070332664 (418), -0.0277492189361 (310)
GGGT, 1.000, 0.475597046058 (215), 0.560537429033 (138), 0.437792378141 (196), 0.273233288805 (123)
GGGG, 1.000, 0.199147510972 (649), 0.192192676093 (402), 0.212009867625 (517), 0.275854565048 (339)
GGGC, 1.000, 0.417523620881 (767), 0.238465924673 (545), 0.355139433502 (688), 0.120515891298 (458)
GGCA, 2.000, 0.802413381677 (236), 0.889961213132 (158), 0.709315074442 (195), 0.245291091448 (139)
GGCT, 2.000, 0.83955845401 (234), 0.669208369999 (179), 0.580950566072 (225), 0.290827064964 (159)
GGCG, 1.000, 0.399815532066 (363), 0.36900786247 (239), 0.38504794178 (322), 0.337582766927 (131)
GGCC, 2.000, 0.878752018158 (513), 0.653765789154 (356), 0.611417162076 (494), 0.40126361677 (315)
GCAA, 2.000, 0.8890512634 (106), 0.814310846885 (71), 0.893796131005 (72), 0.422768126802 (50)
GCAT, 2.000, 0.990210322663 (95), 0.615763623728 (50), 0.50069742234 (86), 0.260652354873 (54)
GCAG, 2.000, 0.962689423207 (488), 0.626581121473 (286), 0.652482047164 (375), 0.25859582838 (246)
GCAC, 2.000, 0.997060164911 (110), 0.902128995725 (93), 0.544061872911 (127), 0.507606187076 (76)
GCTA, 2.000, 0.987451725882 (28), 0.852580102939 (21), 0.718603290212 (24), 0.267325151265 (21)
GCTT, 2.000, 0.984491525404 (126), 0.811547118138 (75), 0.405971797898 (126), 0.258197680217 (74)
GCTG, 2.000, 0.967897701459 (549), 0.823432707058 (336), 0.624087403656 (408), 0.22253523829 (262)
GCTC, 2.000, 0.982295005902 (257), 0.889810633156 (152), 0.529613905303 (192), 0.376430359441 (100)
GCGA, 1.000, 0.166461315891 (62), 0.607158484777 (42), 0.24665660279 (43), -0.0481923236434 (18)
GCGT, 1.000, 0.352613022363 (43), 0.724118887809 (25), 0.101529566474 (47), 0.466477119827 (24)
GCGG, 1.000, 0.517518379522 (413), 0.332357841508 (249), 0.27490502473 (289), 0.173252248167 (129)
GCGC, 1.000, 0.546130131202 (192), 0.607951594865 (200), 0.354762264524 (240), 0.273019822868 (119)
GCCA, 2.000, 0.960720815878 (268), 0.508421209433 (219), 0.732209879423 (267), 0.381453356368 (163)
GCCT, 2.000, 0.600552684147 (267), 0.926465883116 (204), 0.713316479504 (276), 0.333079249986 (187)
GCCG, 1.000, 0.248726769776 (283), 0.407462010878 (204), 0.268032236977 (255), 0.290357632285 (143)
GCCC, 1.000, 0.442373438458 (854), 0.309536182648 (610), 0.284658427033 (837), 0.379943890775 (521)
CAAA, 2.000, 0.986746220194 (251), 0.681520445717 (163), 0.534089358888 (222), 0.251719496265 (183)
CAAT, 2.000, 0.992381758215 (79), 0.828511844541 (57), 0.405511134774 (55), 0.405524999212 (46)
CAAG, 2.000, 0.990495787118 (192), 0.624971383021 (124), 0.641628285107 (183), 0.229805658419 (113)
CAAC, 1.000, 0.546483139108 (140), 0.281045085711 (77), 0.216216457723 (88), 0.372331891567 (59)
CATA, 2.000, 0.991401051654 (72), 0.861811179112 (54), 0.707411008927 (45), 0.00194711633479 (37)
CATT, 2.000, 0.924055137208 (157), 0.964407295979 (103), 0.485249707168 (171), 0.184472496329 (90)
CATG, 2.000, 0.98932747798 (168), 0.817192251044 (107), 0.591600911334 (118), 0.552230595007 (98)
CATC, 2.000, 0.988982916332 (183), 0.53752056051 (130), 0.881722899147 (117), 0.390945703464 (86)
CAGA, 2.000, 0.950843998814 (255), 0.822775667955 (189), 0.643370769712 (255), 0.416819508982 (168)
CAGT, 2.000, 0.996379094059 (123), 0.852941363661 (110), 0.602960989191 (153), 0.28323820028 (101)
CAGG, 2.000, 0.828589189766 (516), 0.845013328763 (368), 0.593436826696 (509), 0.281813789413 (324)
CAGC, 2.000, 0.915721355213 (560), 0.748615752233 (380), 0.575783179906 (440), 0.272697771111 (294)
CACA, 2.000, 0.915569839563 (336), 0.758485068277 (144), 0.424608002522 (166), 0.267327332458 (112)
CACT, 2.000, 0.994502665925 (108), 0.81051129874 (108), 0.491674029968 (130), 0.272996999162 (112)
CACG, 2.000, 0.910508980798 (68), 0.929545961092 (36), 0.351405956887 (47), 0.511173030023 (19)
CACC, 2.000, 0.733215257965 (252), 0.871822951933 (163), 0.749312939078 (218), 0.311223349709 (129)
CTAA, 2.000, 0.91614077458 (55), 0.957211234543 (31), 0.776390033284 (54), 0.294254510887 (43)
CTAT, 2.000, 0.993412426709 (41), 0.713461949938 (34), 0.817802135887 (42), 0.0260002059824 (25)
CTAG, 2.000, 0.990594672209 (22), 0.969205349305 (19), 0.647293640177 (35), 0.43776463091 (21)
CTAC, 2.000, 0.978341234695 (61), 0.908827188799 (40), 0.70685370623 (49), -0.0413640373421 (39)
CTTA, 2.000, 0.996050735355 (49), 0.665029058091 (42), 0.633091770999 (70), -0.000246740234961 (38)
CTTT, 2.000, 0.983061851373 (293), 0.787188046385 (209), 0.602612680787 (260), 0.228685055548 (192)
CTTG, 2.000, 0.994994830931 (172), 0.855684156081 (107), 0.690006177339 (144), 0.310743301388 (103)
CTTC, 2.000, 0.953508196822 (351), 0.891745169555 (225), 0.523635896032 (217), 0.353599766924 (144)
CTGA, 2.000, 0.928801237494 (183), 0.77622781525 (134), 0.540217314765 (182), 0.414886369933 (129)
CTGT, 2.000, 0.973705199592 (168), 0.786877156701 (144), 0.580891667478 (196), 0.596886216306 (146)
CTGG, 2.000, 0.959752078319 (547), 0.879209441717 (451), 0.538357161474 (534), 0.246615558981 (357)
CTGC, 2.000, 0.858492135178 (507), 0.752909607519 (346), 0.620255024497 (388), 0.192214525483 (238)
CTCA, 2.000, 0.9685756611 (190), 0.89921531741 (124), 0.415538229077 (180), 0.376434548568 (106)
CTCT, 2.000, 0.993309790849 (226), 0.86672498878 (153), 0.663834034272 (210), 0.253152422415 (156)
CTCG, 2.000, 0.995071442829 (79), 0.830696271105 (34), 0.627179815613 (41), 0.545888480755 (24)
CTCC, 2.000, 0.679353257236 (502), 0.890986277688 (289), 0.618656119603 (366), 0.370605654093 (235)
CGAA, 1.000, 0.574242266807 (36), 0.390590580131 (26), -0.195341267594 (17), 0 (7)
CGAT, 1.000, 0.716290854562 (16), 0 (9), 0.0407062042713 (18), 0 (6)
CGAG, 1.000, 0.797777807674 (109), 0.530898585047 (57), 0.513631244735 (88), -0.105452662088 (41)
CGAC, 1.000, 0.0479221965365 (43), 0.716418884313 (31), 0.601730321895 (30), 0.0573980945155 (16)
CGTA, 1.000, 0 (7), 0.604478588677 (10), 0 (5), 0 (1)
CGTT, 1.000, -0.00519512494908 (21), 0 (8), -0.151042321764 (10), 0.0875510810131 (11)
CGTG, 2.000, 0.40455493166 (53), 0.779228336719 (41), 0.584077050441 (42), 0.598088409276 (32)
CGTC, 1.000, -0.0209268858127 (44), 0.915854396347 (26), 0.942874594669 (31), 0.17186291396 (22)
CGGA, 1.000, 0.528732246039 (71), 0.623594500733 (65), 0.573002524772 (77), 0.348834008956 (36)
CGGT, 1.000, 0.366515188011 (38), 0.444897116494 (26), -0.0303835382813 (45), 0.139663284317 (26)
CGGG, 1.000, 0.533360975238 (360), 0.295384976725 (210), 0.284371565256 (263), 0.104925973802 (134)
CGGC, 1.000, 0.599187383802 (315), 0.334710951912 (213), 0.443911887226 (276), 0.365883914167 (122)
CGCA, 1.000, 0.811138895109 (80), 0.351323485646 (44), 0.0566457552234 (80), 0.0462451849786 (42)
CGCT, 1.000, 0.489006809323 (99), 0.11729541923 (71), 0.256122770211 (92), 0.0545800813746 (46)
CGCG, 1.000, 0.686919690052 (120), 0.601435927935 (105), 0.320667069705 (121), 0.523100903016 (63)
CGCC, 1.000, 0.607508619312 (416), 0.696807013603 (258), 0.361813215477 (323), 0.273485005598 (169)
CCAA, 2.000, 0.991176528377 (161), 0.635106960378 (117), 0.649157986765 (146), 0.20772770977 (91)
CCAT, 2.000, 0.537876570871 (133), 0.810897817604 (90), 0.751725192518 (126), 0.387227426522 (70)
CCAG, 2.000, 0.966886989514 (570), 0.857705189668 (451), 0.714213302534 (543), 0.329160846139 (382)
CCAC, 2.000, 0.871301995878 (276), 0.423090186487 (184), 0.557556467068 (253), 0.238981191862 (142)
CCTA, 2.000, 0.983345743791 (49), 0.967203688107 (26), 0.521897546729 (46), 0.239529942707 (27)
CCTT, 2.000, 0.948021267261 (202), 0.822017647718 (137), 0.644337197053 (175), 0.141709997594 (126)
CCTG, 2.000, 0.941833497727 (512), 0.815367599598 (432), 0.699647221179 (529), 0.324351087372 (377)
CCTC, 2.000, 0.720576017496 (461), 0.827595747587 (266), 0.68554080725 (329), 0.356470296967 (226)
CCGA, 1.000, 0.615132406466 (70), 0.431092792194 (41), 0.494333761843 (58), -0.0162613394443 (27)
CCGT, 1.000, 0.503066617229 (41), 0.783149695971 (13), 0.0311774615784 (37), 0.194375049126 (23)
CCGG, 1.000, 0.414554255313 (254), 0.39082938401 (206), 0.29107250337 (276), 0.256753196133 (150)
CCGC, 1.000, 0.446425241666 (456), 0.253407620181 (281), 0.344075644941 (339), 0.299061123299 (172)
CCCA, 2.000, 0.535967620348 (382), 0.837955029909 (279), 0.592411029814 (373), 0.166025068132 (240)
CCCT, 2.000, 0.881016382637 (345), 0.7383483859 (205), 0.711276480728 (323), 0.398658268698 (272)
CCCG, 1.000, 0.426476683134 (432), 0.281815202533 (257), 0.0738869485176 (335), -0.00145181394657 (222)
CCCC, 1.000, 0.272558276005 (761), 0.428053788592 (452), 0.322635629482 (592), 0.0787749208468 (404)
