
-- [Lahens IVTSeq-No Sel] --
motif, 1st_quartile, R(10), R(50), R(100), R(200)
AAAA, 1.000, 0.346632362331 (280), 0.0936918185654 (124), 0.716710622292 (192), 0.00922121256836 (136)
AAAT, 1.000, 0.436919317248 (241), 0.00327678132042 (142), 0.0380253917073 (197), 0.831070561375 (129)
AAAG, 1.000, 0.163285710023 (191), 0.00805387359199 (108), -0.00478345136748 (143), 0.591832654771 (107)
AAAC, 1.000, 0.219126854409 (118), 0.0819792234997 (78), 0.0871673418792 (100), -0.0266102201519 (62)
AATA, 1.000, 0.841659423184 (124), 0.544045996079 (63), 0.515793835046 (75), 0.0979603260813 (48)
AATT, 1.000, 0.29950976364 (143), 0.534802840773 (81), 0.509038206708 (99), 0.506054047692 (73)
AATG, 1.000, 0.843261668676 (92), 0.799071639377 (66), 0.132961419192 (82), -0.0229907220502 (56)
AATC, 1.000, -0.0458607717825 (42), -0.12582122414 (43), -0.0307056546914 (45), 0.988711010566 (16)
AAGA, 1.000, 0.128547997156 (205), 0.053602448362 (110), 0.0951976729135 (140), 0.387272006865 (77)
AAGT, 1.000, 0.643214372676 (79), 0.00324492483797 (56), 0.0749639583155 (77), 0.912604311827 (47)
AAGG, 1.000, 0.278356075002 (192), 0.0233775727092 (106), 0.360919886147 (145), 0.375070496356 (104)
AAGC, 1.000, 0.189049786098 (108), 0.994765726676 (65), -0.0171911113111 (97), -0.0428588548793 (60)
AACA, 1.000, 0.0921385910137 (123), 0.586589475378 (88), -0.0125801863757 (92), -0.0358448427885 (71)
AACT, 1.000, 0.0507240827218 (68), 0.0866057795984 (65), -0.019411266318 (63), -0.0611682929677 (43)
AACG, 1.000, 0 (9), 0 (7), 0 (9), 0 (2)
AACC, 1.000, 0.391755764338 (73), -0.030972109751 (44), -0.0652767720432 (58), -0.0560492792659 (31)
ATAA, 1.000, 0.00207642460618 (80), -0.00735481724913 (53), 0.791387487106 (60), 0.424596657641 (48)
ATAT, 1.000, 0.994866146833 (74), -0.0374818759506 (46), 0.128776673606 (48), 0.1065872996 (42)
ATAG, 1.000, -0.0176652557235 (29), 0.788623844414 (24), 0.0403673454507 (22), 0 (8)
ATAC, 1.000, -0.0883531711581 (28), 0.764398503949 (21), 0.814479134374 (24), 0.813578101613 (13)
ATTA, 1.000, 0.559396205604 (79), 0.237024607344 (41), 0.0289942800666 (61), 0.50413666388 (38)
ATTT, 1.000, 0.234304268072 (257), 0.583321028197 (171), 0.00817826967157 (186), 0.304266934817 (168)
ATTG, 1.000, -0.0441914919283 (64), -0.0244561891323 (42), 0.207518272678 (49), 0.778787984267 (36)
ATTC, 1.000, 0.899440522814 (52), 0.210321678901 (48), 0.761176958123 (51), 0.150071181242 (51)
ATGA, 1.000, -0.0347624206494 (106), 0.732646662094 (59), -0.00739363493257 (66), -0.0411979623389 (40)
ATGT, 1.000, -0.0207330197 (110), 0.963400527255 (61), -0.0262315371442 (66), 0.988949564499 (50)
ATGG, 1.000, 0.165482692219 (128), 0.541680997061 (81), -0.0357310461447 (91), 0.0967826639841 (59)
ATGC, 1.000, -0.035679676966 (57), 0.254361560143 (45), 0.00659424869679 (43), -0.0342314657801 (38)
ATCA, 1.000, 0.751122221565 (85), 0.309407519127 (40), 0.0820123733774 (60), 0.918130465107 (40)
ATCT, 1.000, 0.124542071489 (104), -0.0326481888818 (65), 0.0561474454742 (62), 0.433286207546 (38)
ATCG, 1.000, 0 (9), 0 (9), -0.0700237409898 (13), 0 (8)
ATCC, 1.000, -0.0207441286423 (62), 0.0437478428281 (54), -0.0234418696599 (50), 0.0539476652136 (36)
AGAA, 1.000, 0.0519759069936 (237), 0.0497476189899 (152), -0.0237970583795 (171), 0.608119163444 (106)
AGAT, 1.000, 0.833427495779 (78), -0.00943786766005 (61), 0.848007695919 (78), 0.943292646181 (45)
AGAG, 1.000, 0.0702240296564 (171), 0.624852223697 (106), 0.160800838816 (125), 0.00530991355747 (81)
AGAC, 1.000, 0.571175855536 (80), 0.136406157165 (53), 0.296856466546 (59), 0.310985794856 (30)
AGTA, 1.000, -0.00722624531555 (52), 0.0535728973995 (37), -0.0378575399074 (36), -0.0238392807412 (18)
AGTT, 1.000, 0.851763805822 (67), 0.0434574320022 (55), 0.0159197778504 (61), 0.0516987064696 (44)
AGTG, 1.000, 0.693357342836 (105), 0.416780360898 (58), -0.00364206176857 (63), 0.223313029759 (61)
AGTC, 1.000, -0.00729774205068 (56), 0.981857762196 (37), 0.255794485115 (55), -0.0584212170205 (28)
AGGA, 1.000, 0.39672045515 (276), 0.115495099336 (166), 0.0351602325069 (207), -0.033718166496 (136)
AGGT, 1.000, 0.477854010057 (118), 0.677735145386 (78), -0.0198082798149 (90), 0.698403572939 (54)
AGGG, 1.000, 0.0749552440333 (349), 0.0324531823463 (221), 0.0738049708779 (277), 0.0738208299094 (187)
AGGC, 1.000, 0.653277662215 (236), 0.000664946530015 (158), -0.0163047067258 (184), -0.0112615558738 (131)
AGCA, 1.000, 0.267999645082 (180), 0.397503350997 (128), 0.337580549365 (129), 0.158919199392 (88)
AGCT, 1.000, 0.193358787452 (164), 0.404723483615 (128), 0.41382763787 (133), 0.0350015798978 (101)
AGCG, 1.000, -0.0392520503835 (71), -0.0249814098422 (61), 0.909627038591 (47), -0.172157457315 (32)
AGCC, 1.000, 0.039815180482 (239), 0.144151285757 (160), 0.0121152904076 (210), 0.0107713914028 (124)
ACAA, 1.000, -0.00506301197952 (115), 0.141743171005 (63), 0.663744320091 (88), -0.0449414161454 (53)
ACAT, 1.000, 0.815855699049 (82), 0.228663771526 (44), 0.189763507022 (79), 0.132291822994 (51)
ACAG, 1.000, -0.0151378895038 (149), 0.344622099516 (111), 0.0536426064883 (124), 0.00114588026918 (97)
ACAC, 1.000, 0.925928419017 (141), 0.557221437723 (28), -0.0483634744364 (50), 0.889881828418 (27)
ACTA, 1.000, 0.89640313803 (27), 0.464702027652 (15), -0.108958724667 (20), 0.895311383214 (17)
ACTT, 1.000, -0.0291735905444 (93), -0.0280526531622 (57), -0.0267689719294 (63), 0.251370706029 (54)
ACTG, 1.000, 0.532477541172 (109), 0.60041195262 (66), 0.324714631426 (87), 0.829698227544 (66)
ACTC, 1.000, 0.438672501071 (54), 0.52212067885 (41), -0.0505006803251 (43), -0.203016102095 (21)
ACGA, 1.000, 0 (9), 0 (6), 0 (9), 0 (6)
ACGT, 1.000, -0.0801066746103 (20), 0 (6), 0 (8), 0 (4)
ACGG, 1.000, -0.0468709936248 (34), -0.0366383225027 (20), 0.137337698996 (35), -0.126675071401 (10)
ACGC, 1.000, -0.0578037290196 (21), -0.0544614377442 (23), -0.117807191707 (23), -0.121808904392 (12)
ACCA, 1.000, 0.0134062471626 (113), 0.321452561751 (87), -0.0373598452972 (97), 0.00758468169968 (54)
ACCT, 1.000, -0.0211862772581 (114), -0.0275940528799 (75), -0.0285620899699 (76), 0.403236284906 (46)
ACCG, 1.000, 0.873348325401 (31), 0.0169031378721 (27), 0.455455572218 (24), 0.457570266083 (11)
ACCC, 1.000, 0.0753334107342 (151), 0.0867988086762 (82), -0.026443276594 (131), -0.0304103327251 (72)
TAAA, 1.000, 0.797144369747 (172), 0.634582136832 (112), 0.447257834607 (164), 0.181827560301 (119)
TAAT, 1.000, 0.362393644582 (76), -0.0449971068734 (43), 0.168270034598 (69), 0.0672806007107 (30)
TAAG, 1.000, 0.705976782033 (34), -0.0527092631388 (24), 0.0725005444024 (29), 0.262789058842 (20)
TAAC, 1.000, 0.365525390418 (30), 0.185684884977 (23), 0.824459611185 (20), 0.293663710898 (22)
TATA, 1.000, 0.781147124395 (58), 0.320027842428 (44), 0.113898371594 (44), 0.186836091518 (32)
TATT, 1.000, 0.173649438656 (110), 0.57664968158 (59), 0.148894812568 (91), -0.0249687579858 (73)
TATG, 1.000, 0.537192501082 (36), 0.83253618085 (15), 0.687274519454 (29), -0.0512094120716 (25)
TATC, 1.000, 0.998721101971 (18), 0.799600876993 (16), -0.164624780089 (18), 0.00157849037197 (15)
TAGA, 1.000, -0.0474989572655 (39), 0.584618898016 (29), 0.0445109648366 (34), -0.00906589442599 (31)
TAGT, 1.000, 0.947393556303 (35), 0.188208250825 (21), 0.021682663532 (20), 0.414508154147 (19)
TAGG, 1.000, -0.0990030946945 (26), -0.0663533349012 (23), -0.0704050830294 (33), 0.0534147612859 (20)
TAGC, 1.000, -0.0540416922868 (27), 0.344717298429 (13), 0.67911603343 (16), -0.0752289245561 (15)
TACA, 1.000, 0.978388962156 (80), 0.00348885559635 (34), 0.244378878633 (65), 0.431799294851 (41)
TACT, 1.000, 0.00144385837089 (39), 0.794854411953 (24), 0.713776831547 (29), 0.0668887810967 (20)
TACG, 1.000, 0 (4), 0 (3), 0 (2), 0 (1)
TACC, 1.000, 0.0142640508343 (30), 0 (7), -0.0233359856551 (24), -0.135685236381 (21)
TTAA, 1.000, 0.0258912035242 (141), 0.149179355407 (84), 0.308730877425 (103), 0.394034148585 (78)
TTAT, 1.000, 0.302622538013 (90), 0.506425602808 (72), -0.0137237968757 (77), -0.0398305764978 (60)
TTAG, 1.000, 0.0403216608914 (29), -0.0793247408844 (27), -0.0592091290788 (28), 0.125156530383 (24)
TTAC, 1.000, 0.231744865238 (33), 0.699456838292 (14), 0.449800944972 (34), 0.955470220484 (23)
TTTA, 1.000, 0.0250028968954 (190), 0.099826455218 (111), 0.0730060002792 (154), 0.287958560267 (104)
TTTT, 1.000, 0.479321706808 (306), 0.577476107194 (170), 0.0282561196723 (221), 0.105301944285 (171)
TTTG, 1.000, -0.0184331759294 (194), -0.0317893560695 (109), 0.091520936653 (126), -0.0302683721827 (102)
TTTC, 1.000, 0.121136835736 (249), 0.217204487435 (158), 0.0817544843754 (164), -0.010553128634 (132)
TTGA, 1.000, 0.957805077654 (86), -0.0262535608173 (72), -0.030288003421 (76), -0.0715295011466 (43)
TTGT, 1.000, 0.324324840359 (110), 0.00220932767178 (87), 0.0163677127245 (83), 0.227840543909 (60)
TTGG, 1.000, 0.00731473304719 (131), 0.43807498595 (94), 0.0910595576703 (121), 0.334745006698 (79)
TTGC, 1.000, 0.755395232465 (85), 0.0158241164179 (52), 0.372491210525 (66), 0.00791110227372 (48)
TTCA, 1.000, 0.0374613480849 (207), -0.00989822225113 (121), 0.603953200498 (137), 0.542914797563 (90)
TTCT, 1.000, 0.150310730693 (267), 0.573537841325 (174), 0.0315349126155 (183), -0.0383834497948 (111)
TTCG, 1.000, 0.104298496434 (19), 0 (9), 0.10319751921 (15), 0 (4)
TTCC, 1.000, 0.0954751769067 (200), 0.653766672089 (129), -0.022311081519 (181), -0.0350194311699 (92)
TGAA, 1.000, -0.00489419996818 (170), 0.0899745328583 (110), -0.0332359203005 (128), 0.031978850588 (89)
TGAT, 1.000, -0.0356649061897 (60), -0.0524980601781 (48), -0.0353657322312 (50), 0.0959577349097 (33)
TGAG, 1.000, 0.225009604494 (120), 0.56820473173 (99), 0.927930805267 (120), 0.242415206191 (85)
TGAC, 1.000, -0.00903267208401 (57), 0.0311330268601 (42), 0.0482200335273 (56), -0.0189053867375 (25)
TGTA, 1.000, -0.0561381588072 (75), 0.897195013066 (38), -0.0325741121424 (56), 0.61038855836 (44)
TGTT, 1.000, 0.194536209977 (137), 0.471589611151 (87), 0.0509015465683 (109), 0.156152976387 (84)
TGTG, 1.000, 0.583540243142 (194), 0.130542380565 (84), -0.0164244114441 (83), 0.279507633432 (97)
TGTC, 1.000, -0.0264387594431 (87), 0.475256860925 (63), -0.0581521810744 (56), -0.0585030978104 (43)
TGGA, 1.000, 0.699467109079 (232), 0.340942771745 (156), 0.0333303564276 (156), 0.385525862609 (105)
TGGT, 1.000, -0.0190556183828 (139), 0.361686287476 (85), 0.069102587803 (92), 0.144595109518 (54)
TGGG, 1.000, 0.27779039496 (388), -0.0140940178718 (257), 0.0330513713092 (359), 0.271952090943 (261)
TGGC, 1.000, 0.000401140958032 (258), 0.0451726455321 (211), 0.0022994131872 (214), 0.0565442961775 (129)
TGCA, 1.000, 0.514718732512 (144), 0.0364085760247 (96), -0.0184013830064 (108), -0.0472961298374 (70)
TGCT, 1.000, 0.524914877837 (196), 0.254470942349 (123), 0.0446684408278 (149), 0.200401656359 (103)
TGCG, 1.000, 0.375362008718 (56), -0.0698488574855 (24), -0.084457042191 (46), -0.12018589046 (18)
TGCC, 1.000, -0.0188803701353 (227), -0.0023835102553 (155), -0.0297982153795 (189), 0.0999785669646 (123)
TCAA, 1.000, 0.932727445358 (87), 0.208714511005 (68), 0.0487157239234 (78), -0.0516276960278 (44)
TCAT, 1.000, -0.0198445836665 (122), 0.0775125979692 (84), 0.254669536205 (75), -0.0048024556829 (60)
TCAG, 1.000, 0.145967864577 (140), -0.0137286925348 (120), 0.0617280928497 (153), 0.13619735627 (81)
TCAC, 1.000, 0.00434079938297 (79), 0.477859569394 (62), 0.0154131986433 (80), -0.0562881978842 (43)
TCTA, 1.000, -0.0336712949935 (37), 0.430854772002 (22), 0.585203912887 (41), -0.0494158207314 (24)
TCTT, 1.000, 0.375899811804 (270), 0.290177260567 (147), 0.280505984111 (164), 0.388329027597 (78)
TCTG, 1.000, 0.460578294863 (219), 0.281605965001 (147), 0.419280994619 (155), 0.24042289278 (109)
TCTC, 1.000, 0.266288563379 (135), 0.138067809848 (107), 0.255737641184 (110), 0.889314504863 (71)
TCGA, 1.000, -0.121124542872 (11), -0.187489189892 (10), 0 (9), 0 (7)
TCGT, 1.000, 0.678455895452 (17), 0.312891613185 (15), -0.131999685093 (19), -0.0195364588689 (10)
TCGG, 1.000, -0.0457525371603 (41), -0.0716317684312 (37), -0.0557350908523 (46), 0.349190395556 (25)
TCGC, 1.000, -0.0508219353718 (45), -0.107060849051 (24), -0.0769054693359 (32), -0.118190339668 (15)
TCCA, 1.000, 0.784348105554 (191), 0.147604992127 (128), -0.0249720698629 (141), -0.0171379729541 (110)
TCCT, 1.000, -0.0231483413237 (284), 0.36390290165 (169), 0.175051106228 (223), 0.464457460094 (113)
TCCG, 1.000, 0.67839801292 (48), -0.066465797577 (40), 0.147671241266 (37), 0.197314606749 (15)
TCCC, 1.000, 0.00145874995293 (225), 0.146149413467 (171), 0.117923688946 (223), 0.0716806861341 (158)
GAAA, 1.000, 0.0484524484907 (206), 0.369759743021 (135), 0.207245101657 (140), 0.10569471768 (92)
GAAT, 1.000, 0.339106644374 (63), -0.0626313617744 (49), 0.0186980554167 (43), 0.822457868466 (32)
GAAG, 1.000, 0.0393084618116 (243), -0.00500320586598 (148), 0.171168396509 (161), -0.054764466614 (89)
GAAC, 1.000, 0.0589898211437 (62), 0.278008244434 (49), 0.00825569025215 (47), -0.0226751828427 (25)
GATA, 1.000, -0.0280289240589 (20), -0.0907886060077 (13), -0.0374354322524 (23), 0.0878953038436 (13)
GATT, 1.000, 0.707037694965 (54), -0.0748081627553 (36), 0.045719619205 (52), -0.036030729247 (35)
GATG, 1.000, -0.0173624974727 (128), -0.00602238957065 (92), -0.0290343048607 (73), 0.000275001484738 (44)
GATC, 1.000, 0.147964393679 (38), 0.00378087926725 (30), -0.0853207883459 (33), 0.666344892049 (13)
GAGA, 1.000, 0.0961426364843 (131), -0.0299408957987 (93), -0.0261128236562 (122), 0.485408250746 (70)
GAGT, 1.000, 0.2650412159 (57), 0.165016141473 (38), -0.0404012207056 (54), 0.566266515116 (43)
GAGG, 1.000, 0.0850097604022 (358), -0.00272548321299 (214), 0.15520905829 (264), -0.00306951327768 (180)
GAGC, 1.000, 0.401072340606 (179), 0.676967718094 (121), 0.141381961311 (141), -0.0141776449005 (83)
GACA, 1.000, 0.0143662955392 (86), 0.998194766734 (58), -0.00859199715795 (75), -0.0201045623346 (49)
GACT, 1.000, 0.117022463564 (52), 0.163984841396 (48), 0.0960929214658 (50), 0.0237213753994 (26)
GACG, 1.000, -0.0639241067479 (29), 0.0664492183287 (14), 0.0501553815143 (23), 0.0760734682115 (13)
GACC, 1.000, -0.0307832626251 (72), -0.0345454544648 (55), 0.0168603723246 (86), -0.0669022273613 (43)
GTAA, 1.000, -0.0388386277385 (38), -0.114981277846 (29), -0.0348913908007 (39), -0.121530327886 (22)
GTAT, 1.000, 0.338962665023 (24), -0.0923049467054 (20), 0.824643467897 (15), -0.0713040939059 (19)
GTAG, 1.000, 0.555930558074 (40), -0.021006610813 (28), -0.113727207018 (19), 0.0358280605816 (13)
GTAC, 1.000, -0.0560383147253 (24), 0.085973168321 (15), 0.226576292337 (17), 0.928245240405 (15)
GTTA, 1.000, 0.207435499785 (26), -0.0730242443919 (21), 0.428006417393 (13), 0.320233982594 (19)
GTTT, 1.000, 0.0339102990002 (114), 0.0158516958228 (73), -0.000392793338174 (99), 0.565822669917 (73)
GTTG, 1.000, -0.0273080519562 (94), 0.430002345783 (59), -0.0778990391301 (64), -0.0961021478917 (28)
GTTC, 1.000, 0.00392472375304 (74), 0.0955648425817 (41), 0.0634573913949 (47), -0.0691253476049 (39)
GTGA, 1.000, 0.112456709159 (67), 0.993164972587 (45), 0.0525573213578 (62), -0.0681586328836 (32)
GTGT, 1.000, 0.907139488721 (87), -0.0664916074206 (45), 0.380757634371 (61), 0.903290468653 (49)
GTGG, 1.000, 0.225809651339 (224), 0.0957707402035 (144), 0.286237896859 (195), -0.00964631760784 (111)
GTGC, 1.000, 0.468979428232 (124), 0.274905787081 (79), -0.0406676889459 (95), 0.0406091309286 (50)
GTCA, 1.000, 0.123932973928 (66), 0.00517180059364 (54), 0.0990553607195 (63), -0.0554965677955 (37)
GTCT, 1.000, 0.980012286908 (60), 0.438494311004 (50), 0.136246720247 (53), -0.0672477044954 (45)
GTCG, 1.000, -0.0929978923753 (24), 0.961886251827 (25), 0.503596489604 (22), -0.107982892331 (15)
GTCC, 1.000, 0.555238558172 (118), 0.632930975346 (67), 0.00204888691983 (102), 0.127349584369 (65)
GGAA, 1.000, 0.416524212784 (191), 0.44553316336 (127), -0.0241347523805 (158), 0.0412638455967 (101)
GGAT, 1.000, -0.00339090078471 (75), 0.316238839421 (49), -0.0813981680467 (59), 0.147474721223 (37)
GGAG, 1.000, 0.122075139581 (405), 0.0701527322363 (302), -0.00493415555451 (301), 0.682534490658 (188)
GGAC, 1.000, 0.0101778977997 (124), -0.0134699379816 (92), 0.070459530262 (83), -0.0103247510838 (62)
GGTA, 1.000, -0.0346873621564 (39), -0.0577859179036 (34), -0.0521788710334 (25), 0.038737900841 (22)
GGTT, 1.000, -0.030984132202 (86), -0.0290414575562 (59), -0.0499049851543 (68), 0.0318351381736 (54)
GGTG, 1.000, 0.753947784623 (221), 0.772024523995 (146), 0.00243392344902 (190), 0.256469284612 (95)
GGTC, 1.000, 0.139482482123 (103), -0.0742371975438 (76), 0.221609978528 (66), -0.0322043255979 (57)
GGGA, 1.000, -0.0199731449269 (321), 0.265397108265 (198), 0.264778527107 (272), 0.292405065928 (188)
GGGT, 1.000, -0.0346046450134 (172), -0.0249034428968 (121), 0.00456649114583 (165), 0.0193093319994 (103)
GGGG, 1.000, 0.0224734036921 (505), -0.0110784072954 (298), 0.0104526170807 (350), 0.516435154548 (233)
GGGC, 1.000, 0.120171851287 (534), 0.0780894620264 (370), 0.318522760421 (454), 0.292476499616 (277)
GGCA, 1.000, 0.0873100442253 (223), 0.547560780939 (158), -0.0314434471578 (157), -0.0257325874691 (113)
GGCT, 1.000, 0.000672635814553 (236), 0.0510912047986 (175), -0.00221459009068 (210), -0.000721861558073 (156)
GGCG, 1.000, -0.00421436875222 (235), 0.449322393329 (145), 0.493847303856 (196), -0.0764153155572 (74)
GGCC, 1.000, -0.0204134260453 (495), 0.102511469995 (339), 0.0901050314629 (484), 0.102756961081 (281)
GCAA, 1.000, 0.431593016341 (95), 0.0498523138963 (60), -0.0343699225114 (47), -0.0155753289014 (40)
GCAT, 1.000, 0.422863415076 (84), 0.0874542862782 (33), 0.604890352561 (65), -0.0716918622383 (34)
GCAG, 1.000, 0.0289316670596 (392), 0.301293540562 (245), 0.135301746327 (261), 0.35173568555 (155)
GCAC, 1.000, -0.0227284477269 (94), 0.319517893018 (77), -0.0184494680246 (111), -0.107040924106 (54)
GCTA, 1.000, 0.0500015875318 (27), -0.0714314493274 (18), 0.00535373137835 (22), 0.466836927843 (16)
GCTT, 1.000, -0.042036255426 (120), 0.653570610731 (77), -0.040219289954 (102), -0.0642906375186 (67)
GCTG, 1.000, 0.0411712384036 (441), 0.179005237062 (264), 0.124062789157 (295), 0.570618725368 (195)
GCTC, 1.000, 0.14365010846 (208), 0.0704358116244 (135), 0.000409174883596 (150), -0.0365246171026 (90)
GCGA, 1.000, -0.0863027083397 (36), -0.0310529196072 (24), 0.621554669407 (21), -0.0271180160056 (13)
GCGT, 1.000, 0.0142394215758 (32), -0.0676568155789 (29), -0.0707325780887 (47), 0.330372413714 (15)
GCGG, 1.000, 0.0676308040947 (275), 0.076412353609 (162), -0.00424269208162 (182), -0.0263763839648 (72)
GCGC, 1.000, 0.0166058627282 (115), -0.00227181414641 (115), 0.457371876773 (133), -0.0370195202542 (79)
GCCA, 1.000, -0.0228414626445 (238), 0.020015173723 (205), 0.323254841891 (214), -0.0585692564621 (117)
GCCT, 1.000, -0.0215713331818 (217), 0.13932693418 (178), 0.100110713128 (222), 0.0167545122586 (166)
GCCG, 1.000, 0.0679892673846 (167), -0.0249265757912 (135), -0.0524891884409 (162), -0.0904193097288 (74)
GCCC, 1.000, 0.0180280271309 (454), 0.108960988587 (291), 0.028507265238 (395), 0.0805746179091 (254)
CAAA, 1.000, 0.0122282926469 (170), 0.0954407194946 (114), -0.0223400927127 (132), 0.0242332402634 (100)
CAAT, 1.000, 0.140838454672 (68), 0.554344574388 (49), -0.0661707485373 (38), 0.290745931313 (13)
CAAG, 1.000, 0.130825300642 (133), -0.0377556738715 (86), 0.492543562164 (106), 0.203288290118 (63)
CAAC, 1.000, -0.0478707969226 (76), 0.12161026848 (46), -0.0710383558594 (66), -0.101943635685 (32)
CATA, 1.000, -0.0741902177191 (45), -0.00370276663054 (34), 0.559139272231 (24), 0.114009593094 (17)
CATT, 1.000, 0.0418777846567 (109), -0.0421113153155 (65), 0.235242395904 (101), 0.357281631977 (52)
CATG, 1.000, -0.0076713300542 (125), 0.209250066622 (72), 0.265589057679 (93), -0.0375098254397 (66)
CATC, 1.000, 0.0496784481995 (135), 0.0275547169564 (88), -0.0460583314272 (93), 0.280994650248 (63)
CAGA, 1.000, -0.00972293547902 (198), 0.0178955707738 (141), 0.109185888436 (175), 0.642201460725 (114)
CAGT, 1.000, 0.134787403882 (85), 0.251016765197 (73), 0.0654907398578 (103), 0.625532499187 (75)
CAGG, 1.000, 0.164184800506 (433), 0.515075322197 (287), 0.0188932107496 (373), 0.219482164455 (216)
CAGC, 1.000, 0.659595605035 (423), 0.572370628803 (275), 0.187375912054 (305), 0.121346451787 (193)
CACA, 1.000, 0.429586292169 (211), -0.0142963550431 (102), -0.0450937155894 (120), -0.0110872898577 (74)
CACT, 1.000, 0.397451701347 (81), 0.70172267338 (73), 0.282286887924 (87), -0.0267539372927 (65)
CACG, 1.000, 0.0247471624629 (63), 0.74030373053 (27), -0.0480818353923 (43), -0.0184583443461 (20)
CACC, 1.000, 0.350405326704 (218), 0.0780845285996 (122), -0.011853153797 (173), 0.378496262856 (97)
CTAA, 1.000, 0.0627004062701 (42), 0.764206280799 (19), 0.102982911265 (34), 0.186764677805 (24)
CTAT, 1.000, 0.129823667228 (28), 0.973464194253 (19), 0.221458466754 (20), 0.0998396233139 (15)
CTAG, 1.000, -0.0393025081857 (29), 0.973836571832 (21), 0.470162690234 (27), -0.0850091409039 (25)
CTAC, 1.000, 0.889727380433 (45), 0.819063843804 (22), 0.715848896817 (35), 0.113678085725 (21)
CTTA, 1.000, -0.067425600459 (37), 0.883177251636 (31), 0.322672670727 (46), 0.959041665489 (18)
CTTT, 1.000, 0.0572639383625 (246), 0.545939237938 (155), 0.366341506313 (158), 0.577288270501 (111)
CTTG, 1.000, 0.701468060425 (137), 0.096886953177 (98), 0.662194677466 (100), 0.29058104088 (77)
CTTC, 1.000, 0.846052934125 (292), -0.0191478287584 (183), 0.00669681933141 (158), 0.441737361823 (99)
CTGA, 1.000, 0.140384879424 (145), 0.199023274317 (89), -0.0311670779198 (118), -0.0129613557239 (75)
CTGT, 1.000, 0.379900964968 (148), 0.488899545551 (101), -0.0317164001213 (124), -0.0497453497534 (80)
CTGG, 1.000, 0.130346831302 (477), 0.103986123357 (386), 0.165480426593 (400), 0.0668973210987 (309)
CTGC, 1.000, 0.668708078418 (419), -0.00530463204264 (266), 0.0906204521057 (291), -0.0353992200104 (161)
CTCA, 1.000, 0.694875286461 (145), 0.172315869375 (106), 0.0158280491579 (130), 0.509243301539 (79)
CTCT, 1.000, 0.708623509072 (198), 0.386003093283 (132), 0.21979306624 (150), -0.00714536401511 (99)
CTCG, 1.000, -0.026011840512 (81), 0.693895549636 (46), 0.419969634008 (40), 0.979548620625 (21)
CTCC, 1.000, 0.43385187139 (387), 0.546168770375 (224), 0.332154075431 (286), 0.309720099523 (179)
CGAA, 1.000, 0.885699383142 (14), 0 (9), 0 (6), 0 (1)
CGAT, 1.000, 0 (8), 0 (6), 0 (7), 0 (2)
CGAG, 1.000, 0.153418555419 (62), -0.0344889634898 (33), 0.107250849815 (42), 0.720645043158 (23)
CGAC, 1.000, 0.177262360965 (30), 0.162852971958 (14), 0.0145131511151 (15), -0.115860636027 (11)
CGTA, 1.000, 0 (8), 0 (5), 0 (2), 0 (1)
CGTT, 1.000, -0.185053793837 (13), -0.153601463726 (12), 0.0606970951352 (12), 0 (9)
CGTG, 1.000, 0.922641091245 (63), 0.64765146932 (38), -0.0149357074464 (47), 0.121423540393 (19)
CGTC, 1.000, -0.059886315477 (44), -0.0900176913918 (31), -0.054857038481 (35), -0.133841032245 (15)
CGGA, 1.000, 0.921197184672 (45), -0.0349010696676 (46), -0.0104381535747 (48), -0.0695976360805 (22)
CGGT, 1.000, 0.132591896744 (25), 0.962941347655 (17), -0.0236114488556 (32), -0.091211798508 (17)
CGGG, 1.000, 0.357596647416 (242), 0.335870901298 (144), 0.0455915351178 (176), 0.28687279064 (83)
CGGC, 1.000, -0.00915825125732 (214), 0.347367703268 (151), 0.0167137625677 (193), -0.0263935964952 (89)
CGCA, 1.000, -0.0295227006233 (57), -0.077479454225 (28), 0.0305859308934 (50), -0.0919542423177 (20)
CGCT, 1.000, -0.0428692912008 (71), -0.007674423206 (43), -0.0675901432086 (67), -0.0722477741696 (33)
CGCG, 1.000, 0.00882694262174 (89), 0.577891551618 (58), 0.0824840519268 (76), -0.0620957157089 (32)
CGCC, 1.000, 0.178316890946 (205), 0.206634583688 (155), -0.0254803560541 (182), 0.201880988684 (95)
CCAA, 1.000, -0.0324477020549 (117), 0.93481031477 (68), 0.552515729654 (90), -0.0279980354172 (60)
CCAT, 1.000, -0.0198227342051 (99), 0.0864998899759 (74), 0.8609659081 (102), 0.205792114277 (65)
CCAG, 1.000, 0.502181203145 (457), 0.309454460666 (331), 0.054902552331 (399), 0.115961453455 (251)
CCAC, 1.000, 0.096877810979 (232), 0.536736011255 (166), 0.187056537209 (191), 0.424660639023 (115)
CCTA, 1.000, 0.630896122873 (38), -0.0204270244337 (16), 0.378792215585 (30), -0.0835554206683 (29)
CCTT, 1.000, 0.536147591811 (179), 0.680390472292 (115), -0.0303617857396 (145), 0.0398172631661 (93)
CCTG, 1.000, 0.196564060371 (407), 0.619786560869 (322), 0.0732299520623 (382), 0.146721837529 (243)
CCTC, 1.000, 0.539925140458 (342), 0.781690572442 (234), 0.135926813755 (250), 0.123803619148 (173)
CCGA, 1.000, 0.0778724024096 (51), -0.0762205663823 (22), 0.246796670247 (43), -0.0743086552208 (25)
CCGT, 1.000, -0.0537870871227 (29), -0.0707011864317 (22), -0.0766820243995 (35), 0.0429877109996 (12)
CCGG, 1.000, 0.117138361421 (188), -0.0406723689636 (139), 0.044749631368 (161), -0.0513418246661 (102)
CCGC, 1.000, 0.218611473581 (226), -0.0203870233304 (133), 0.0132855688669 (192), -0.0709234788494 (93)
CCCA, 1.000, 0.0148421281402 (329), 0.299244039665 (224), 0.0259056531131 (300), 0.168592646548 (194)
CCCT, 1.000, 0.105108346957 (276), -0.0181401586225 (157), 0.0270586465283 (245), 0.604954839574 (196)
CCCG, 1.000, -0.00640522194186 (220), 0.000957754425393 (122), -0.0465730233867 (164), 0.012093163786 (108)
CCCC, 1.000, -0.00841064571937 (352), -0.0143733055251 (197), 0.0934643726018 (281), -0.0369165098086 (196)
