
-- [Lahens IVTSeq-PolyA-selected] --
motif, 1st_quartile, R(10), R(50), R(100), R(200)
AAAA, 1.000, 0.785060115405 (494), 0.326255836849 (292), 0.377017177513 (404), 0.114373473148 (253)
AAAT, 2.000, 0.919718235352 (277), 0.741245514297 (200), 0.584520887619 (273), 0.450606948909 (202)
AAAG, 2.000, 0.983699015889 (262), 0.500726062947 (125), 0.458840953304 (190), 0.50285159769 (150)
AAAC, 2.000, 0.988167292945 (154), 0.625643953981 (85), 0.170179286663 (127), 0.305979051284 (88)
AATA, 2.000, 0.986653821331 (142), 0.849969878156 (90), 0.1787648905 (119), 0.226314632449 (84)
AATT, 1.000, 0.732343631713 (228), 0.753207161046 (160), 0.263622472382 (207), 0.0101331269249 (152)
AATG, 2.000, 0.969324820543 (123), 0.91686444351 (94), 0.117306277929 (113), 0.223569378061 (72)
AATC, 2.000, 0.792591011312 (48), 0.911197605161 (54), 0.658500955256 (53), 0.762003322989 (35)
AAGA, 2.000, 0.986016747054 (258), 0.919452077332 (158), 0.58003656602 (191), 0.0220830373917 (126)
AAGT, 2.000, 0.923915267263 (114), 0.701429954684 (64), 0.138406060738 (87), 0.020573352215 (71)
AAGG, 1.000, 0.652282140424 (319), 0.00473175354742 (192), 0.0885986123874 (282), 0.0518508933765 (171)
AAGC, 2.000, 0.515085315226 (127), 0.960644079834 (85), 0.203317922976 (112), 0.266508547562 (70)
AACA, 2.000, 0.992559873748 (171), 0.884824157648 (124), 0.650485412363 (129), 0.20489706455 (101)
AACT, 2.000, 0.60473255223 (111), 0.955936092632 (87), 0.354555504089 (74), -0.0433968948917 (62)
AACG, 1.000, -0.0510420593859 (20), -0.17973750312 (14), 0.129048907106 (17), -0.131595694873 (13)
AACC, 1.000, 0.612590886427 (121), -0.0290618435732 (82), 0.372285020282 (105), 0.24604042915 (52)
ATAA, 2.000, 0.93613912474 (102), 0.954133442827 (77), 0.282082927686 (90), 0.428212902199 (69)
ATAT, 2.000, 0.98679331841 (94), 0.515765743671 (56), 0.235679000686 (70), 0.175481279328 (61)
ATAG, 1.000, 0.0465010697198 (50), 0.953092079853 (42), -0.0785524109728 (49), -0.166358747296 (21)
ATAC, 2.000, 0.979442419608 (33), 0.656750292324 (27), 0.375227515894 (29), -0.0144336494736 (22)
ATTA, 1.000, 0.855572710519 (122), 0.067046284572 (78), 0.223869171901 (110), 0.383672913944 (74)
ATTT, 2.000, 0.973495445177 (292), 0.889756634257 (205), 0.353740340054 (262), 0.0929503617179 (235)
ATTG, 2.000, 0.966025188482 (76), 0.617668094144 (48), 0.354364882246 (69), 0.101466761884 (42)
ATTC, 2.000, 0.97722632892 (72), 0.704334893004 (56), 0.750262906881 (68), 0.553426091784 (48)
ATGA, 2.000, 0.985368585571 (132), 0.755758441527 (82), 0.545555451027 (94), 0.18413715557 (71)
ATGT, 2.000, 0.978683763903 (131), 0.419935585206 (69), 0.0980934397764 (94), 0.451534327851 (73)
ATGG, 2.000, 0.972881935709 (159), 0.948277818015 (110), 0.597264348735 (124), 0.198308491591 (93)
ATGC, 2.000, 0.676294999824 (70), 0.923068560866 (52), 0.116865531964 (71), 0.307144923265 (39)
ATCA, 2.000, 0.985193856152 (110), 0.344066913687 (74), 0.495092810489 (73), 0.551831485868 (65)
ATCT, 2.000, 0.948845306946 (100), 0.650198206609 (75), 0.180235883149 (83), 0.109059330827 (60)
ATCG, 1.000, -0.0694318692277 (31), -0.219012605325 (16), 0.781768881547 (17), -0.199752259609 (12)
ATCC, 2.000, 0.995636445172 (71), 0.581998935456 (55), 0.202080548702 (48), 0.988967104016 (41)
AGAA, 2.000, 0.933510965457 (323), 0.594710740574 (204), 0.33298360937 (227), 0.478407882247 (187)
AGAT, 2.000, 0.991115943677 (118), 0.5698906773 (66), 0.349223455454 (83), 0.395998191997 (65)
AGAG, 2.000, 0.68954953056 (238), 0.98856140814 (129), 0.444833537443 (161), 0.188998261765 (96)
AGAC, 2.000, 0.997889417141 (81), 0.757167191702 (60), 0.18842955568 (73), 0.449820596858 (46)
AGTA, 2.000, 0.998596390597 (57), 0.635173275294 (39), 0.970341675016 (36), 0.496489032658 (25)
AGTT, 2.000, 0.963688663888 (93), 0.80806222034 (57), 0.371804819884 (87), 0.0247207939127 (53)
AGTG, 2.000, 0.586443280256 (123), 0.794031318671 (90), 0.516198507336 (92), 0.269874961724 (94)
AGTC, 2.000, 0.973786537993 (57), 0.618648190028 (48), 0.565508197714 (57), 0.485553465522 (36)
AGGA, 2.000, 0.611135092687 (339), 0.715512069974 (214), 0.54478977508 (241), 0.15658867162 (165)
AGGT, 1.000, 0.311099665918 (206), 0.251646260708 (132), 0.356434450808 (154), 0.0296223202204 (95)
AGGG, 1.000, 0.0665619344809 (657), 0.0567823560486 (463), 0.390179701173 (591), 0.0329006867253 (408)
AGGC, 1.000, 0.409545470903 (427), 0.607614426234 (292), 0.413680616467 (368), 0.514541992158 (240)
AGCA, 2.000, 0.979572319749 (260), 0.627931287486 (164), 0.119611150208 (178), 0.116799164086 (135)
AGCT, 2.000, 0.989737531214 (205), 0.685222857355 (150), 0.533782875679 (202), 0.649518503932 (127)
AGCG, 1.000, 0.88827705872 (129), 0.55931388717 (91), 0.319529850216 (105), 0.15784143762 (66)
AGCC, 2.000, 0.619836258056 (289), 0.844697283517 (184), 0.279480434116 (281), 0.202974143098 (165)
ACAA, 2.000, 0.935588495049 (160), 0.0320740524501 (90), 0.532892184251 (108), 0.0758179055548 (73)
ACAT, 2.000, 0.994429092658 (113), 0.676055309022 (75), 0.28110397741 (96), 0.071838640297 (79)
ACAG, 2.000, 0.994980682844 (198), 0.856748968736 (148), 0.479328379352 (186), 0.178209030509 (135)
ACAC, 2.000, 0.898698561841 (132), 0.269154630941 (47), 0.849484644565 (75), 0.242416434753 (50)
ACTA, 1.000, 0.972405246082 (42), -0.118445608985 (23), 0.348182020609 (35), -0.12156702302 (27)
ACTT, 2.000, 0.480640945046 (105), 0.988735879774 (68), 0.283240487238 (83), -0.0139285991893 (87)
ACTG, 2.000, 0.667348033782 (150), 0.788644953227 (108), 0.412095300848 (127), 0.25746089133 (93)
ACTC, 2.000, 0.928254351239 (59), 0.848840540644 (45), 0.44109566386 (66), -0.0752740015846 (26)
ACGA, 1.000, 0.700355178098 (13), 0.100373306647 (15), 0.0609957205666 (13), 0.975077546695 (11)
ACGT, 2.000, 0.992251831217 (21), 0 (6), 0 (7), 0 (8)
ACGG, 1.000, 0.0777135860748 (75), -0.0105574751759 (55), 0.46518195693 (46), 0.330864382844 (31)
ACGC, 1.000, 0.0702564016518 (40), 0.545681784754 (36), 0.161781021223 (37), 0.137225101492 (14)
ACCA, 2.000, 0.911510445655 (147), 0.745522964751 (111), 0.68534214449 (110), 0.243108017546 (69)
ACCT, 2.000, 0.985585996223 (131), 0.930188516972 (89), 0.817057026642 (93), 0.264927382657 (77)
ACCG, 1.000, 0.20896744173 (58), 0.819548777854 (52), 0.38972021876 (46), 0.548130820423 (18)
ACCC, 1.000, 0.123260159582 (236), 0.011616955705 (159), 0.488670992957 (184), 0.352245871946 (138)
TAAA, 2.000, 0.981419983544 (221), 0.767398287843 (137), 0.4205253304 (212), 0.238792707745 (162)
TAAT, 2.000, 0.949888178351 (86), 0.127573092079 (48), 0.475774796157 (75), 0.0597213784702 (42)
TAAG, 2.000, 0.927133586095 (53), 0.780587982241 (24), 0.0320150888646 (42), 0.139516993714 (24)
TAAC, 2.000, 0.999105793965 (27), 0.426227659478 (30), 0.093302830419 (30), 0.563913974051 (28)
TATA, 1.000, 0.39698561559 (104), 0.677142050986 (66), 0.898229883056 (88), 0.368866283877 (64)
TATT, 2.000, 0.940555012381 (138), 0.718239835127 (77), 0.406875457155 (114), 0.0840659402824 (84)
TATG, 2.000, 0.96630788619 (55), 0.602228491807 (34), 0.421912947413 (48), 0.0191385601476 (34)
TATC, 1.000, 0.344178004814 (45), 0.111722094535 (37), -0.0394220877738 (29), 0.257938313119 (23)
TAGA, 1.000, 0.130686463555 (71), 0.475662903433 (45), 0.500872558514 (64), 0.166938926731 (51)
TAGT, 1.000, 0.702532957445 (48), -0.0442068365493 (36), 0.363532795463 (39), 0.935783115306 (33)
TAGG, 1.000, 0.30028683702 (53), 0.352442436446 (34), -0.0335130265568 (66), -0.0907713059273 (35)
TAGC, 1.000, -0.0171334838404 (44), 0.640490668275 (34), 0.545722088021 (36), -0.10690601894 (32)
TACA, 2.000, 0.993028357515 (106), 0.255714360362 (63), 0.248577159879 (85), 0.0270133508246 (65)
TACT, 2.000, 0.999817012232 (45), 0.665180798419 (25), 0.395121266671 (45), 0.0276345379683 (36)
TACG, 1.000, 0 (9), 0 (9), 0 (6), 0 (3)
TACC, 2.000, 0.999689645944 (39), -0.068239036287 (13), -0.157310904705 (28), 0.409484509109 (24)
TTAA, 2.000, 0.222085895884 (160), 0.654812123524 (112), 0.171016845061 (151), 0.0728163742397 (121)
TTAT, 2.000, 0.975241212743 (99), 0.661551202644 (72), 0.390089033068 (91), 0.341676102955 (71)
TTAG, 1.000, 0.1467737622 (49), 0.0381229804516 (38), 0.114499785515 (56), 0.425504685294 (41)
TTAC, 2.000, 0.965264984514 (49), 0.878338758196 (25), 0.157151570265 (31), 0.0923414103733 (34)
TTTA, 2.000, 0.963952678404 (227), 0.772070876388 (140), 0.347115702594 (219), 0.00902492448503 (161)
TTTT, 2.000, 0.857883751956 (342), 0.806267946624 (196), 0.356930724336 (279), 0.16936099908 (219)
TTTG, 2.000, 0.955638087008 (249), 0.664518387249 (137), 0.313162406919 (173), 0.191622829035 (144)
TTTC, 2.000, 0.878396056279 (293), 0.79663177446 (192), 0.548760740315 (228), 0.257476188528 (180)
TTGA, 2.000, 0.988449349263 (137), 0.957117157749 (82), 0.264199057745 (100), 0.22312636901 (67)
TTGT, 2.000, 0.982492512379 (129), 0.622571079697 (99), 0.461424175937 (119), 0.249274985852 (86)
TTGG, 2.000, 0.187521626258 (131), 0.747848212357 (92), 0.25216736749 (125), 0.418499433902 (82)
TTGC, 1.000, 0.343538355058 (172), 0.803199780859 (83), -0.0192975063804 (124), 0.388348060228 (82)
TTCA, 2.000, 0.967559675065 (271), 0.642013715726 (157), 0.550589016497 (175), 0.133407225997 (116)
TTCT, 2.000, 0.913447489033 (351), 0.748248518931 (243), 0.57275472864 (228), 0.612010222917 (162)
TTCG, 1.000, 0.218363813994 (30), 0.926139654081 (12), 0.256502718012 (15), 0 (7)
TTCC, 2.000, 0.91326787953 (241), 0.650476488218 (139), 0.331286093397 (219), 0.175001770034 (127)
TGAA, 2.000, 0.995847372338 (234), 0.608439030088 (150), 0.358156073389 (153), 0.764394691401 (123)
TGAT, 2.000, 0.986045884833 (76), 0.136326672407 (60), 0.76164987264 (70), 0.111175313453 (47)
TGAG, 2.000, 0.990554616856 (147), 0.795717594144 (122), 0.546662721669 (154), 0.247083189138 (110)
TGAC, 2.000, 0.997643495724 (84), -0.0110459826757 (52), 0.785415803059 (79), 0.337044121342 (48)
TGTA, 2.000, 0.946231942103 (93), 0.680911320587 (50), 0.464008161381 (86), 0.537193539562 (59)
TGTT, 2.000, 0.963585348535 (165), 0.769500463087 (112), 0.203549559435 (158), 0.231888237216 (104)
TGTG, 2.000, 0.61684601063 (262), 0.782666164771 (104), 0.240928027449 (119), 0.780984276539 (119)
TGTC, 2.000, 0.273365818117 (101), 0.872749540279 (75), 0.271347482493 (79), 0.287139660779 (57)
TGGA, 2.000, 0.411032582567 (287), 0.965189534258 (196), 0.274073133923 (208), 0.0753918402108 (140)
TGGT, 2.000, 0.934297080134 (140), 0.682749327988 (91), -0.000301709510968 (106), 0.443254190747 (81)
TGGG, 1.000, 0.402392176481 (698), 0.284948053592 (440), 0.0315141125299 (618), 0.0507095149836 (444)
TGGC, 2.000, 0.285278676153 (301), 0.556390550799 (247), 0.134043062516 (272), 0.598631728912 (183)
TGCA, 2.000, 0.984018497852 (182), 0.94346576974 (112), 0.69748064531 (142), 0.194472282267 (104)
TGCT, 2.000, 0.80783443621 (270), 0.900898605703 (138), 0.618395162538 (205), 0.215964868041 (126)
TGCG, 1.000, 0.128112341511 (99), 0.82172521185 (53), 0.444350911193 (67), -0.202451724876 (42)
TGCC, 2.000, 0.87327622218 (274), 0.621880548649 (198), 0.75488280657 (241), 0.431152557887 (151)
TCAA, 2.000, 0.886828948205 (122), 0.917432355218 (80), 0.832105301565 (93), 0.429880619219 (57)
TCAT, 2.000, 0.893177550153 (161), 0.282503161481 (97), 0.406986958084 (92), 0.303815056918 (71)
TCAG, 2.000, 0.966148482819 (165), 0.283507231361 (137), 0.425699111636 (191), 0.391223897467 (101)
TCAC, 2.000, 0.991166805805 (106), 0.546447528799 (78), 0.66507235579 (92), 0.385213276632 (51)
TCTA, 2.000, 0.95614458378 (37), -0.142946214985 (27), 0.644314661214 (50), 0.574159282584 (27)
TCTT, 2.000, 0.928827137155 (338), 0.547620189997 (190), 0.334947480574 (192), 0.099343940449 (109)
TCTG, 2.000, 0.949869388845 (285), 0.871260417784 (191), 0.452933364662 (216), 0.131982588381 (152)
TCTC, 2.000, 0.952224036265 (162), 0.91054004344 (128), 0.483399403435 (129), 0.431488024263 (90)
TCGA, 1.000, 0.0683736325419 (21), 0.502628330794 (16), 0.0588978461816 (20), 0 (8)
TCGT, 1.000, 0.699189306293 (27), 0.945981499835 (18), -0.117360849307 (25), 0 (9)
TCGG, 1.000, 0.224854343707 (75), 0.134680660462 (55), -0.0575630781454 (63), 0.328618983989 (33)
TCGC, 1.000, 0.745980611613 (75), -0.0433609737453 (39), -0.0676109048547 (46), 0.208781642587 (16)
TCCA, 2.000, 0.640070220779 (279), 0.85996730815 (181), 0.0656734872957 (206), 0.30878669572 (137)
TCCT, 2.000, 0.801237693448 (369), 0.787465123409 (231), 0.71393228419 (276), 0.57440994236 (163)
TCCG, 1.000, 0.336054816036 (81), -0.0401193329387 (59), 0.054814105217 (64), 0.608661845455 (24)
TCCC, 2.000, 0.900151130455 (235), 0.562039979377 (176), 0.561737886095 (250), 0.209293332655 (186)
GAAA, 2.000, 0.766002063756 (259), 0.463269415084 (171), 0.650839166606 (211), 0.194974824699 (165)
GAAT, 2.000, 0.973365718774 (78), 0.947368662809 (61), 0.547982534877 (72), 0.172445494547 (48)
GAAG, 2.000, 0.786195136901 (309), 0.87444711752 (185), 0.55079053938 (202), 0.467991200921 (139)
GAAC, 1.000, 0.095289554998 (109), 0.253145797381 (79), 0.106437406326 (89), 0.254288872552 (44)
GATA, 1.000, 0.139978976462 (39), 0.948560570718 (28), -0.024794779114 (46), 0.0726947937209 (26)
GATT, 2.000, 0.90407936158 (74), 0.486927463186 (42), 0.0548678365247 (59), 0.217319917339 (33)
GATG, 2.000, 0.975737219978 (187), 0.734513419359 (109), 0.0101474136184 (116), 0.0732956052155 (53)
GATC, 2.000, 0.983984826296 (42), 0.286013797662 (33), 0.507693333831 (34), 0.0988391951714 (11)
GAGA, 2.000, 0.867903520911 (205), 0.705531629637 (124), 0.359415460651 (166), 0.37416878115 (91)
GAGT, 1.000, -0.00787236356178 (110), 0.0153285233191 (73), 0.210323202788 (91), 0.282256485793 (77)
GAGG, 1.000, 0.327951481783 (718), 0.133160640834 (470), 0.0594353689902 (512), 0.0908051850604 (359)
GAGC, 2.000, 0.954370798074 (224), 0.390681478523 (141), 0.257184411531 (199), 0.368409159278 (108)
GACA, 2.000, 0.994211603947 (119), 0.734898997322 (75), 0.446492859244 (107), 0.592955207968 (61)
GACT, 2.000, 0.557833286676 (69), 0.937670200619 (60), 0.524942625384 (54), 0.345854333152 (38)
GACG, 1.000, 0.483329100415 (53), -0.0199671991698 (46), -0.0637085522561 (41), 0.77991740699 (29)
GACC, 1.000, 0.268923861531 (153), 0.340706031297 (127), 0.324944350168 (151), 0.0359387277716 (90)
GTAA, 2.000, 0.992328594397 (42), 0.724653145706 (37), 0.724846077593 (45), 0.564815632865 (30)
GTAT, 2.000, 0.98357454559 (30), 0.631275266386 (22), 0.751850578805 (26), -0.0856395993762 (18)
GTAG, 1.000, 0.0166562265069 (81), 0.0331434828973 (50), 0.100142610719 (37), -0.130728811299 (41)
GTAC, 2.000, 0.597082393562 (35), 0.508018908511 (21), 0.785876503508 (23), 0.147215845784 (23)
GTTA, 1.000, 0.916654804508 (52), -0.0876313386466 (31), 0.458294053041 (32), -0.140378177162 (40)
GTTT, 2.000, 0.993952399547 (126), 0.650344587789 (89), 0.265421857896 (138), 0.313076604227 (94)
GTTG, 1.000, 0.106797002179 (160), 0.258619782091 (100), -0.0708363053888 (115), 0.0264313694659 (62)
GTTC, 2.000, 0.987900434895 (73), 0.879788909778 (46), 0.0519903033954 (51), 0.0609454937906 (36)
GTGA, 2.000, 0.994624188218 (76), 0.77260350683 (48), 0.53254254946 (73), 0.550766010477 (43)
GTGT, 2.000, 0.754464524311 (132), 0.567499891692 (58), 0.436890126477 (65), 0.632150394785 (46)
GTGG, 2.000, 0.713935980119 (264), 0.596887803574 (170), 0.558732040853 (220), 0.374455021851 (155)
GTGC, 2.000, 0.980105222285 (150), 0.772176218307 (91), 0.758985816978 (120), 0.63431055033 (67)
GTCA, 2.000, 0.993108874771 (83), 0.162651217231 (51), 0.423001161552 (64), 0.510689082427 (40)
GTCT, 2.000, 0.949147617861 (77), 0.952200299145 (60), 0.773750296559 (74), 0.0258606986219 (50)
GTCG, 1.000, 0.498159448669 (46), 0.908487772293 (34), 0.112941269884 (36), -0.0654844998803 (14)
GTCC, 2.000, 0.497075033343 (123), 0.17930899046 (69), 0.508948123743 (101), 0.0817880135633 (73)
GGAA, 1.000, 0.512764121667 (358), 0.307847716199 (259), 0.210062522029 (276), 0.0729872729859 (181)
GGAT, 1.000, 0.00860891863063 (137), 0.0617510188902 (90), -0.012087543965 (106), -0.0940181302143 (65)
GGAG, 1.000, 0.181390141954 (808), 0.458194244037 (566), 0.144091250183 (657), 0.0926885140586 (421)
GGAC, 1.000, 0.241063285883 (249), 0.728408277487 (145), 0.0675257350194 (182), 0.0758428313009 (135)
GGTA, 1.000, -0.0106959167671 (66), 0.598542368422 (42), -0.0312687001638 (50), -0.114526626026 (26)
GGTT, 1.000, 0.107190081412 (131), 0.17947817486 (82), 0.042681585589 (113), 0.513645691513 (91)
GGTG, 1.000, 0.534123630583 (400), 0.646628152764 (268), 0.221115984637 (318), 0.368551181158 (197)
GGTC, 1.000, 0.726939871977 (170), 0.279687372399 (122), 0.12727514315 (147), 0.0805296549115 (98)
GGGA, 1.000, 0.191332058974 (622), 0.129638836055 (378), 0.179188002778 (525), 0.0153978033251 (387)
GGGT, 1.000, 0.422209575652 (329), 0.751442973984 (214), 0.0418369371271 (272), 0.121090526701 (159)
GGGG, 1.000, 0.0803835883388 (1058), 0.0845083056862 (655), 0.0296840054777 (764), 0.185372356889 (502)
GGGC, 1.000, 0.271209202157 (1114), 0.11284797404 (798), 0.136969339689 (944), 0.0169671391233 (600)
GGCA, 1.000, 0.491413242981 (416), 0.643533846936 (288), 0.389045095396 (332), 0.513184530379 (220)
GGCT, 1.000, -0.00754436386783 (404), 0.161643798012 (305), 0.172040647046 (423), 0.0401773624615 (294)
GGCG, 1.000, 0.155008241499 (509), 0.245068783828 (352), 0.31149707865 (419), 0.166849801918 (173)
GGCC, 1.000, 0.268145276845 (931), 0.158536487722 (693), 0.309489993705 (933), 0.0794034817476 (530)
GCAA, 1.000, 0.480950214715 (154), 0.279044772088 (115), 0.0988479697245 (93), 0.0897918232273 (74)
GCAT, 2.000, 0.988698830521 (93), 0.274888772962 (46), 0.366484777834 (86), 0.899090101205 (45)
GCAG, 2.000, 0.757602382894 (541), 0.489896574014 (326), 0.502878368466 (386), 0.187661881797 (242)
GCAC, 2.000, 0.974599701722 (115), 0.701827583786 (88), 0.273780307217 (138), 0.314311577701 (76)
GCTA, 1.000, 0.567441542986 (35), -0.0582786583298 (35), 0.0799437888517 (38), -0.031759621094 (30)
GCTT, 2.000, 0.480508455115 (124), 0.711475556895 (79), 0.742158330166 (112), 0.195133202148 (59)
GCTG, 2.000, 0.894116153539 (591), 0.873416361726 (340), 0.321169787328 (421), 0.137259764685 (281)
GCTC, 2.000, 0.972509354698 (253), 0.248523941165 (159), 0.395699256346 (195), 0.183318305385 (112)
GCGA, 1.000, -0.0976330140484 (67), 0.670695440074 (50), -0.106249757145 (34), 0.160729079208 (21)
GCGT, 1.000, -0.0387780775224 (46), 0.656578619193 (30), 0.0100823050929 (47), 0.607323389333 (34)
GCGG, 1.000, 0.179355580227 (580), 0.183176291811 (360), 0.35695854846 (391), 0.244036908111 (169)
GCGC, 1.000, 0.328907833234 (215), 0.497123003503 (218), 0.556039881474 (262), 0.292467879077 (140)
GCCA, 2.000, 0.740476647711 (277), 0.708317380087 (242), 0.616602058342 (279), 0.0281356478162 (164)
GCCT, 2.000, 0.340607088762 (270), 0.767033839932 (191), 0.658771605294 (258), 0.0972093925044 (217)
GCCG, 1.000, 0.151426124691 (367), 0.0384730980427 (250), 0.215048520017 (296), 0.39605152073 (160)
GCCC, 2.000, 0.584363310322 (512), 0.285079425286 (354), 0.425913993908 (472), 0.301589947953 (316)
CAAA, 2.000, 0.955277386522 (223), 0.282324327207 (142), 0.373386103324 (168), 0.135107183943 (161)
CAAT, 2.000, 0.962315758536 (71), 0.655823258403 (51), 0.529127924583 (50), 0.439740047347 (32)
CAAG, 2.000, 0.990452215608 (181), 0.582593284191 (126), 0.610160047195 (161), 0.0845106975977 (98)
CAAC, 2.000, 0.977012460811 (82), 0.892944459604 (50), 0.704256774848 (53), 0.0315554688405 (34)
CATA, 2.000, 0.934917971893 (56), 0.491158458635 (38), 0.826374349336 (39), 0.35063928335 (35)
CATT, 2.000, 0.964470689276 (149), 0.786555447712 (85), 0.424974449867 (133), 0.0528779789368 (72)
CATG, 2.000, 0.988002671858 (157), 0.769762643514 (96), 0.476108663592 (113), 0.593836143274 (82)
CATC, 2.000, 0.994057637706 (190), 0.712033234778 (129), 0.753177977023 (115), 0.720423970419 (72)
CAGA, 2.000, 0.751594786456 (259), 0.659655279476 (178), 0.603388583746 (247), 0.128453309182 (151)
CAGT, 2.000, 0.988079306006 (121), 0.784216688855 (104), 0.559154208621 (122), 0.29438841215 (93)
CAGG, 2.000, 0.760661185265 (531), 0.834999624985 (380), 0.523411519774 (498), 0.196074685066 (321)
CAGC, 2.000, 0.889002592403 (580), 0.58274177589 (401), 0.335169151858 (455), 0.301933621314 (297)
CACA, 2.000, 0.980520072506 (257), 0.941964568644 (129), 0.305519489831 (152), 0.34519026131 (105)
CACT, 2.000, 0.990433769733 (99), 0.934764148271 (103), 0.810820192392 (114), 0.0401393445824 (91)
CACG, 2.000, 0.84147644523 (66), 0.968506180745 (37), 0.521744109511 (48), 0.415019449097 (24)
CACC, 2.000, 0.986678151654 (256), 0.600403177584 (158), 0.711469793309 (213), 0.390246640688 (141)
CTAA, 2.000, 0.994087144055 (42), 0.972626691988 (25), 0.519546210281 (45), 0.202650356302 (27)
CTAT, 2.000, 0.908266715926 (34), 0.620849986756 (28), 0.28792273217 (33), 0.297122903602 (21)
CTAG, 1.000, 0.851830962535 (34), 0.922364012398 (25), 0.33173321532 (42), 0.362236738645 (28)
CTAC, 2.000, 0.999216264754 (60), 0.905561639522 (37), 0.101601128818 (46), 0.493691263658 (33)
CTTA, 2.000, -0.0372811326136 (44), 0.726730079697 (34), 0.404275206924 (52), 0.149954822742 (28)
CTTT, 2.000, 0.937289457701 (279), 0.850577910494 (189), 0.765864267096 (233), 0.231399576789 (151)
CTTG, 2.000, 0.993427952323 (156), 0.576458929436 (103), 0.258386441939 (125), 0.354476060887 (92)
CTTC, 2.000, 0.678760071944 (356), 0.480711142333 (228), 0.45621709223 (206), 0.575601979973 (133)
CTGA, 2.000, 0.916105237023 (188), 0.769788274878 (127), 0.436227502286 (172), 0.379405141594 (118)
CTGT, 2.000, 0.846220789214 (178), 0.507640232035 (128), 0.245269935574 (189), 0.650009593187 (126)
CTGG, 2.000, 0.989085196103 (587), 0.825836852498 (467), 0.384763288705 (533), 0.420067562255 (384)
CTGC, 2.000, 0.860201560895 (517), 0.561636108236 (338), 0.315166080785 (397), 0.27593883833 (233)
CTCA, 2.000, 0.983834231632 (191), 0.869210943233 (121), 0.566738060431 (162), 0.568194038535 (95)
CTCT, 2.000, 0.751789641321 (232), 0.440417366554 (168), 0.4296876315 (207), 0.273524496679 (136)
CTCG, 1.000, 0.555301503698 (119), 0.170392648028 (72), 0.179021862678 (84), 0.342658209342 (43)
CTCC, 2.000, 0.562160880952 (515), 0.794385623608 (301), 0.442412632862 (371), 0.447422063346 (242)
CGAA, 1.000, 0.676863256971 (35), 0.00777981025029 (22), -0.204553844358 (13), 0 (5)
CGAT, 1.000, 0.727160982673 (22), 0.0454796918203 (13), 0.903534540603 (18), 0 (5)
CGAG, 2.000, 0.944357292921 (86), 0.204672817401 (49), 0.546030320738 (62), 0.791688152796 (30)
CGAC, 1.000, 0.422113061603 (45), -0.0746771681213 (40), 0.239263876226 (34), -0.18095307453 (17)
CGTA, 1.000, -0.195253858259 (11), 0 (9), 0 (8), 0 (3)
CGTT, 1.000, -0.101236945836 (20), -0.200039904697 (10), 0.0431549010714 (17), -0.192279649137 (13)
CGTG, 1.000, 0.150764782544 (91), 0.603529129765 (68), 0.864138709299 (65), -0.144483214907 (49)
CGTC, 1.000, 0.558528113266 (57), 0.442024251985 (39), 0.105247482992 (37), -0.0750146097412 (32)
CGGA, 1.000, 0.0630859458788 (115), 0.00840707935454 (82), 0.195814063039 (78), -0.00225458169036 (45)
CGGT, 1.000, 0.586923363081 (52), 0.373683917038 (37), 0.584894660656 (44), -0.13138382583 (32)
CGGG, 1.000, 0.281827413679 (532), 0.0826387693386 (307), 0.101219284957 (345), 0.0749816272573 (195)
CGGC, 1.000, 0.363324889873 (411), 0.189061256169 (274), 0.381253629983 (359), 0.387147343629 (150)
CGCA, 1.000, 0.597653747284 (86), -0.100276295954 (59), -0.0955665431339 (84), 0.487626877893 (41)
CGCT, 1.000, 0.101708878202 (119), 0.0342825116042 (83), 0.548705696837 (88), 0.138829831395 (48)
CGCG, 1.000, 0.423019779915 (165), 0.146147821532 (125), 0.178206155909 (148), 0.318429773642 (69)
CGCC, 1.000, 0.42816593704 (404), 0.13287186815 (288), 0.152352085164 (314), 0.221853214393 (199)
CCAA, 2.000, 0.750222947472 (149), 0.446941818013 (110), 0.789093810608 (124), 0.34721130686 (75)
CCAT, 2.000, 0.453197932379 (123), 0.718989834328 (78), 0.374969244175 (118), 0.311364122197 (66)
CCAG, 2.000, 0.834695969289 (606), 0.563922831825 (479), 0.566714153184 (535), 0.26042764568 (378)
CCAC, 2.000, 0.855866143549 (294), 0.79823946025 (194), 0.506298839096 (255), 0.154446932225 (137)
CCTA, 2.000, 0.99763529419 (47), 0.497075097349 (26), 0.50698102788 (42), 0.267820883947 (26)
CCTT, 2.000, 0.63538893097 (209), 0.944357904688 (130), 0.539016902771 (158), 0.141349839839 (102)
CCTG, 2.000, 0.917474237399 (524), 0.744907277634 (418), 0.603786385493 (499), 0.554402652058 (366)
CCTC, 2.000, 0.801226800825 (474), 0.695734576912 (275), 0.678150736407 (340), 0.342792544326 (210)
CCGA, 1.000, 0.773369422713 (79), 0.65727056896 (50), 0.630560018722 (64), 0.339731802618 (38)
CCGT, 1.000, 0.0568880604972 (49), 0.646654977973 (26), 0.0627216456621 (50), 0.165450512768 (25)
CCGG, 1.000, 0.243143841827 (374), 0.0704561377754 (268), 0.070208124013 (335), 0.301920983457 (186)
CCGC, 1.000, 0.575451721807 (499), 0.144056889135 (321), 0.148035438235 (356), 0.279322024233 (189)
CCCA, 2.000, 0.737811700516 (367), 0.764287866647 (279), 0.561846251423 (358), 0.472337275492 (252)
CCCT, 2.000, 0.385468796557 (342), 0.590817904242 (208), 0.627520807878 (305), 0.23179303978 (259)
CCCG, 1.000, 0.262253546075 (446), 0.142232524328 (292), 0.121201238671 (317), 0.0809723485693 (213)
CCCC, 1.000, 0.237618133503 (637), 0.0227667095789 (398), 0.161437640086 (515), 0.0435699513441 (366)
