
-- [Lahens IVTSeq-Only-r1] --
motif, 1st_quartile, R(10), R(50), R(100), R(200)
AAAA, 1.000, 0.483529123216 (478), 0.164680622441 (257), 0.457705629513 (347), 0.0921692227123 (239)
AAAT, 2.000, 0.985586109329 (277), 0.607360349159 (181), 0.577192113925 (263), 0.370735283776 (183)
AAAG, 2.000, 0.983518909008 (244), -0.00759826964216 (122), 0.206768171259 (174), 0.586941998933 (130)
AAAC, 2.000, 0.982678260379 (135), 0.0275001354007 (74), 0.0975195760023 (107), 0.203483364681 (78)
AATA, 2.000, 0.98672685961 (131), 0.503728883778 (79), 0.160759678374 (114), 0.0183783220195 (72)
AATT, 2.000, 0.953141179549 (163), 0.66349033962 (102), 0.376160392166 (135), 0.302326958956 (87)
AATG, 2.000, 0.772135144708 (121), 0.925829200002 (89), 0.100169984987 (109), 0.160109769027 (64)
AATC, 1.000, 0.448649859374 (70), 0.500771988312 (81), -0.020593119741 (88), 0.485862367616 (50)
AAGA, 2.000, 0.996908059078 (257), 0.358663707592 (141), 0.363845162991 (172), 0.0737816633239 (107)
AAGT, 2.000, 0.986980633009 (108), 0.785500846452 (69), 0.170256876419 (76), 0.0857859233118 (69)
AAGG, 2.000, 0.880160659057 (200), 0.535695452737 (120), 0.158707750738 (148), 0.316669745679 (97)
AAGC, 2.000, 0.661363662915 (114), 0.618527766689 (80), 0.121544410021 (94), 0.451442310855 (65)
AACA, 2.000, 0.684099497651 (155), 0.81833314869 (104), 0.321882633476 (117), 0.0637046121038 (90)
AACT, 2.000, 0.996538094273 (104), 0.137802824409 (82), 0.31662521872 (70), -0.0223495095314 (47)
AACG, 1.000, 0.429471661511 (16), 0 (9), 0.0382733609861 (11), 0 (4)
AACC, 1.000, 0.23196505567 (117), -0.0657160914425 (81), 0.0526669318231 (98), 0.308953959382 (43)
ATAA, 2.000, 0.962845551591 (97), 0.891254544832 (68), 0.105632724277 (75), 0.305669153456 (72)
ATAT, 2.000, 0.966008339334 (97), 0.30972686734 (51), 0.206538289394 (65), 0.0986002079232 (51)
ATAG, 2.000, 0.939547315914 (34), 0.843757558462 (27), 0.677606907701 (26), 0 (9)
ATAC, 2.000, 0.962547813739 (32), 0.265620172334 (28), 0.162359525003 (25), -0.0618680445396 (18)
ATTA, 2.000, 0.992601275854 (92), 0.498184029498 (47), 0.387670206192 (69), 0.317034703861 (35)
ATTT, 2.000, 0.876527090481 (288), 0.813687063399 (204), 0.343533841513 (246), 0.0474535089923 (207)
ATTG, 2.000, 0.977519061056 (75), 0.661891000411 (53), 0.162670502134 (73), 0.410000116595 (45)
ATTC, 2.000, 0.966691717054 (73), 0.678304089034 (53), 0.607391191828 (64), 0.789350605948 (52)
ATGA, 2.000, 0.988727723919 (133), 0.201711725976 (85), 0.472404932284 (78), 0.0126300342439 (56)
ATGT, 2.000, 0.983098926871 (123), 0.55472325333 (68), 0.166051591895 (80), 0.0616052259981 (64)
ATGG, 2.000, 0.994806974108 (137), 0.954312731424 (93), 0.844522635982 (95), 0.0927025991386 (80)
ATGC, 2.000, 0.928766991292 (66), 0.962640499293 (44), 0.158208395536 (60), 0.485658349881 (34)
ATCA, 2.000, 0.981734953922 (101), 0.445959672061 (65), 0.232250673618 (72), 0.657999828271 (56)
ATCT, 2.000, 0.995495587476 (97), 0.916697651056 (75), 0.211141747769 (64), -0.0577632832701 (55)
ATCG, 2.000, 0.663521735924 (15), 0 (4), 0 (7), 0 (5)
ATCC, 2.000, 0.987975844287 (70), 0.754064970236 (52), 0.960889824813 (41), 0.985951196884 (35)
AGAA, 2.000, 0.993506422227 (303), 0.710591095075 (185), 0.238714108099 (223), 0.450955818806 (153)
AGAT, 2.000, 0.96148094451 (109), 0.434111316951 (63), 0.208005165652 (84), 0.0996187167993 (59)
AGAG, 2.000, 0.414328227452 (235), 0.910922016432 (121), 0.487718863324 (156), 0.0637344568427 (75)
AGAC, 2.000, 0.781643347182 (72), 0.699002495399 (57), 0.0781054519793 (63), 0.446467056212 (37)
AGTA, 2.000, 0.997770854978 (50), 0.0892168731344 (31), 0.940261307801 (31), 0.690199782092 (21)
AGTT, 2.000, 0.181576402197 (88), 0.794929802873 (53), 0.184250667362 (75), -0.0364007699914 (35)
AGTG, 2.000, 0.645312460486 (127), 0.79593491212 (87), 0.412136468708 (87), 0.325158025315 (86)
AGTC, 2.000, 0.812309137506 (54), 0.648537969001 (46), 0.548688066154 (57), 0.88694935653 (34)
AGGA, 2.000, 0.488709430181 (308), 0.328982097498 (198), 0.488858064268 (228), 0.038759566015 (160)
AGGT, 2.000, 0.637962571406 (120), 0.966715575593 (70), 0.761883208724 (81), -0.0291544205564 (51)
AGGG, 1.000, 0.135829186564 (523), 0.000905296217815 (341), 0.344203678074 (472), -0.00689024409638 (297)
AGGC, 1.000, 0.543426819169 (350), 0.423380123764 (242), 0.144199515062 (302), 0.603820946934 (189)
AGCA, 2.000, 0.952421611936 (233), 0.71874614692 (150), 0.476127082177 (150), 0.144884199076 (107)
AGCT, 2.000, 0.944371792757 (200), 0.588017317739 (140), 0.385406434288 (163), 0.467114851089 (111)
AGCG, 1.000, 0.683730868888 (93), 0.71640021872 (69), 0.523132065845 (71), 0.0703671169049 (43)
AGCC, 2.000, 0.642149286411 (251), 0.75179270228 (152), 0.24022298323 (211), 0.0603010371917 (136)
ACAA, 2.000, 0.973294353581 (141), 0.0274400190951 (88), 0.500208165725 (97), -0.139494516912 (63)
ACAT, 2.000, 0.984365328961 (106), 0.796918371554 (66), 0.188051416189 (94), 0.0372989067876 (63)
ACAG, 2.000, 0.321169336455 (189), 0.713428366822 (133), 0.220166613957 (161), 0.189020423069 (117)
ACAC, 2.000, 0.812261992132 (133), 0.484203687039 (33), 0.0470800133464 (71), 0.277339061314 (40)
ACTA, 2.000, 0.99386020709 (31), 0.454682504986 (13), 0.559520577279 (17), -0.15713451596 (23)
ACTT, 2.000, 0.870364501437 (109), 0.559493218997 (72), 0.458287650575 (86), -0.0256390693163 (86)
ACTG, 2.000, 0.818898034749 (142), 0.433262077375 (100), 0.358328364293 (116), 0.178629421079 (80)
ACTC, 2.000, 0.466144156693 (64), -0.027056839939 (44), 0.347678905327 (55), -0.0687254053791 (21)
ACGA, 2.000, 0 (9), 0.299381856504 (11), 0 (5), 0 (5)
ACGT, 2.000, 0.99460234885 (17), 0 (6), 0 (8), 0 (5)
ACGG, 1.000, 0.162281540724 (47), 0.1635946884 (29), 0.747852560594 (32), -0.172016820294 (16)
ACGC, 1.000, -0.133678962714 (35), 0.313714594893 (23), 0.312913985409 (27), -0.233221527304 (14)
ACCA, 2.000, 0.925380287854 (133), 0.521179709385 (101), 0.588213463722 (104), 0.42175650548 (54)
ACCT, 2.000, 0.991489852123 (129), 0.430736846143 (91), 0.784283280769 (82), 0.242570947555 (57)
ACCG, 1.000, 0.415749720764 (42), 0.0915981294266 (36), -0.122426869682 (25), 0.239356665875 (10)
ACCC, 1.000, 0.045301274468 (195), 0.166218423523 (146), 0.829704941312 (160), 0.0336060198713 (92)
TAAA, 2.000, 0.991056878971 (221), 0.483975401579 (121), 0.210707803412 (198), 0.0897442830568 (150)
TAAT, 1.000, 0.934951036211 (119), 0.0583489708481 (78), 0.146778306483 (111), -0.0837236476702 (63)
TAAG, 1.000, 0.250666551599 (66), 0.6376033731 (36), 0.181596513786 (52), 0.116225525422 (36)
TAAC, 1.000, 0.974759085838 (39), -0.0980309495243 (42), 0.114209937734 (44), 0.256213260393 (34)
TATA, 2.000, 0.959088077045 (73), 0.839161103061 (46), 0.926128300616 (50), 0.335255463368 (35)
TATT, 2.000, 0.900726899927 (129), 0.712520047819 (75), 0.44264459101 (98), 0.0517458953397 (80)
TATG, 2.000, 0.975408387069 (56), 0.454281145584 (30), 0.694716610536 (47), 0.0531236143904 (29)
TATC, 2.000, 0.939957049452 (26), 0.928489562725 (23), 0.617277404499 (16), 0.211908938068 (18)
TAGA, 1.000, 0.0999957287102 (61), 0.149663396627 (38), 0.114927536788 (57), 0.02534801798 (49)
TAGT, 2.000, 0.881625470752 (29), 0.543588704807 (19), 0.294431041712 (24), 0.991339241946 (20)
TAGG, 1.000, 0.0759639431862 (43), -0.0698422439182 (32), -0.0467838460881 (50), 0.0213603050397 (30)
TAGC, 1.000, 0.374519354523 (41), 0.251356728966 (26), 0.238113260184 (36), -0.026894773186 (27)
TACA, 2.000, 0.99888724214 (98), 0.843307971462 (56), 0.219637303217 (76), 0.00861637313762 (49)
TACT, 2.000, 0.997691211992 (47), 0.532155806294 (29), 0.308126119209 (39), 0.112594488377 (39)
TACG, 1.000, 0 (6), 0 (6), 0 (6), 0 (1)
TACC, 2.000, 0.979966022235 (42), 0.459207407894 (15), 0.570465912762 (21), 0.758075984643 (22)
TTAA, 2.000, 0.227644890497 (154), 0.442930527469 (96), 0.135420600601 (150), -0.0138217856973 (106)
TTAT, 2.000, 0.965215335355 (86), 0.62790412324 (71), 0.418249892888 (80), 0.235437200903 (68)
TTAG, 2.000, 0.956304209602 (32), 0.897320349533 (24), 0.172472621312 (35), 0.374362343298 (25)
TTAC, 2.000, 0.9575793563 (49), 0.830095599576 (25), 0.241405854858 (26), -0.135964584648 (33)
TTTA, 2.000, 0.971933800879 (206), 0.715108161929 (127), 0.245391579811 (210), 0.0361098304311 (155)
TTTT, 2.000, 0.852180655917 (317), 0.81745494143 (185), 0.340756065175 (274), 0.139233062439 (190)
TTTG, 2.000, 0.925712485995 (247), 0.666792378476 (146), 0.216145659838 (164), 0.0761517477937 (135)
TTTC, 2.000, 0.979379681574 (279), 0.860972887332 (190), 0.35074995836 (224), 0.155611817028 (165)
TTGA, 2.000, 0.980774476263 (129), 0.94235807113 (77), 0.619354356042 (91), 0.260452567508 (61)
TTGT, 2.000, 0.994165130943 (120), 0.392003543715 (90), 0.54104006138 (118), 0.0867937495407 (77)
TTGG, 2.000, 0.18379677104 (127), 0.632876250426 (95), 0.0890341568127 (106), 0.684244084237 (74)
TTGC, 2.000, 0.988089961584 (108), 0.954439031597 (48), 0.077291462594 (60), 0.264274111365 (45)
TTCA, 2.000, 0.59368444163 (267), 0.609006717059 (151), 0.448980592645 (168), 0.210098904457 (100)
TTCT, 2.000, 0.296028389728 (346), 0.885510086991 (234), 0.113091987844 (224), 0.4906876967 (145)
TTCG, 2.000, 0.987972556507 (16), 0 (8), 0 (9), 0 (1)
TTCC, 2.000, 0.524254316069 (237), 0.417196757731 (145), 0.163074248274 (197), 0.0466762228015 (122)
TGAA, 2.000, 0.997544981854 (229), 0.355758089242 (161), 0.631692860669 (156), 0.403046764152 (109)
TGAT, 2.000, 0.995945888237 (69), 0.437016247679 (50), 0.852533260602 (64), 0.0935704051643 (53)
TGAG, 2.000, 0.9097643349 (137), 0.736581861542 (119), 0.308909558713 (144), 0.210949500944 (88)
TGAC, 2.000, 0.991415072347 (81), 0.671418361092 (50), 0.707200746044 (74), 0.0324561674436 (43)
TGTA, 2.000, 0.888154267111 (84), 0.440003857695 (46), 0.266242148175 (87), 0.0807031811555 (49)
TGTT, 2.000, 0.919365332373 (150), 0.15966876396 (108), 0.33973141999 (142), 0.131799622893 (102)
TGTG, 2.000, 0.543444851541 (240), 0.494648378865 (107), 0.154331917248 (108), 0.801691681527 (111)
TGTC, 2.000, 0.979302733352 (97), 0.816849970706 (73), 0.272348363492 (71), -0.0215760817328 (56)
TGGA, 2.000, 0.954687828628 (283), 0.936261412993 (193), 0.375206416004 (202), 0.000310448095061 (124)
TGGT, 2.000, 0.992058308339 (135), 0.689999282508 (88), 0.389555115957 (91), 0.47291644386 (73)
TGGG, 2.000, 0.567979184659 (346), 0.659094830787 (223), 0.358038825879 (321), 0.135304464053 (240)
TGGC, 2.000, 0.204849895983 (277), 0.457019014787 (221), 0.31859423394 (227), 0.647365947764 (157)
TGCA, 2.000, 0.852601068969 (186), 0.967396179737 (114), 0.671623622992 (134), 0.275086137244 (86)
TGCT, 2.000, 0.847341552952 (261), 0.714813899037 (134), 0.5345438959 (184), 0.429882053938 (124)
TGCG, 1.000, 0.00895149635009 (73), 0.253093266594 (33), 0.564452457532 (45), -0.153154610142 (34)
TGCC, 2.000, 0.667600896135 (253), 0.746228858529 (177), 0.782110314977 (206), 0.503035255409 (133)
TCAA, 2.000, 0.994564973122 (112), 0.741770738499 (82), 0.829885419491 (80), 0.215316926463 (47)
TCAT, 2.000, 0.935642680039 (173), 0.465528521506 (93), 0.326714794425 (89), 0.30491535667 (64)
TCAG, 2.000, 0.889582617319 (156), 0.476180058632 (139), 0.346989426589 (173), 0.122448877457 (92)
TCAC, 2.000, 0.232003287841 (91), 0.639187437326 (62), 0.873279761051 (77), 0.849228313011 (47)
TCTA, 2.000, 0.834922105005 (37), -0.0270813544978 (29), 0.0643954671844 (45), 0.467607474527 (20)
TCTT, 2.000, 0.546726978869 (352), 0.287384172292 (194), 0.106385089889 (191), 0.0548002409385 (99)
TCTG, 2.000, 0.957590938891 (274), 0.889751422455 (176), 0.169803889394 (214), 0.237085002901 (136)
TCTC, 2.000, 0.247070060143 (166), 0.479692738926 (130), 0.497055521905 (117), 0.0864429501538 (80)
TCGA, 1.000, 0.0727569036279 (27), 0.980494601854 (15), 0.0221881088392 (19), 0 (9)
TCGT, 2.000, 0.987514454038 (14), 0.934949413857 (13), 0.711353438401 (11), 0 (7)
TCGG, 1.000, 0.403851255669 (57), 0.23519458912 (38), 0.0932517702987 (41), -0.211087918838 (21)
TCGC, 1.000, 0.464014451736 (50), -0.000374016005754 (23), -0.0548557168667 (17), -0.023405671705 (17)
TCCA, 2.000, 0.512206988026 (262), 0.916212330108 (167), 0.0965889060173 (189), 0.245436152644 (122)
TCCT, 2.000, 0.871178381643 (348), 0.79874995012 (211), 0.67469206271 (248), 0.607723049068 (156)
TCCG, 1.000, 0.415652730743 (49), -0.0514044240202 (39), 0.0112598765599 (37), 0.327897285754 (21)
TCCC, 2.000, 0.386752071865 (208), 0.791140818789 (163), 0.434753911339 (216), 0.253457456087 (150)
GAAA, 2.000, 0.594873210812 (259), 0.640070117005 (160), 0.773987296142 (201), 0.296405691855 (139)
GAAT, 1.000, 0.443637800923 (104), 0.683692387934 (87), 0.398658164031 (111), 0.285888998818 (67)
GAAG, 2.000, 0.865430845101 (298), 0.613830873616 (186), 0.688379202274 (195), 0.246483043074 (133)
GAAC, 2.000, 0.348672135697 (71), 0.793433587803 (45), 0.210872384001 (57), 0.538717052042 (20)
GATA, 1.000, 0.837586826535 (37), 0.911100856774 (31), 0.148803355849 (34), -0.105101650048 (22)
GATT, 2.000, 0.81091488678 (74), 0.00472325431064 (40), 0.257915284521 (50), 0.00749089882691 (27)
GATG, 2.000, 0.973866043358 (183), 0.665609361259 (103), 0.271785685523 (100), -0.0957816385983 (53)
GATC, 1.000, 0.819931321879 (62), -0.0381151859553 (41), 0.149569803019 (52), -0.0843012907887 (18)
GAGA, 2.000, 0.643366344773 (185), 0.705675248516 (112), 0.394293531813 (152), 0.120717665635 (72)
GAGT, 1.000, -0.0627590534591 (101), 0.233726829842 (60), -0.0067942935758 (70), 0.209477368848 (67)
GAGG, 2.000, 0.451004619036 (370), 0.615164621188 (228), 0.241863330301 (251), 0.221064616546 (171)
GAGC, 2.000, 0.842475781344 (189), 0.896050398973 (113), 0.314876432035 (159), -0.00209172473365 (72)
GACA, 2.000, 0.996260198805 (108), 0.764270442705 (78), 0.35518015002 (93), 0.370815558207 (46)
GACT, 2.000, 0.188224482497 (67), 0.971340987739 (56), 0.622424916568 (53), 0.146008813378 (31)
GACG, 1.000, 0.0157227827962 (47), 0.211812422184 (34), -0.0922502019644 (29), -0.154033226868 (26)
GACC, 2.000, 0.89619676142 (86), 0.511454450898 (69), 0.543978477925 (83), 0.178400081474 (41)
GTAA, 1.000, 0.957032994976 (57), 0.654208639286 (45), 0.325900941817 (76), 0.0242215747483 (43)
GTAT, 2.000, 0.996324125338 (24), 0.531980700086 (28), 0.606955913731 (21), -0.180586582169 (13)
GTAG, 1.000, 0.0441459699708 (63), 0.00653707547546 (40), -0.0583376008695 (40), -0.149109715084 (29)
GTAC, 2.000, 0.994346569987 (31), 0.159349332378 (24), 0.844756211222 (18), 0.121281498039 (18)
GTTA, 1.000, 0.867503440009 (45), 0.745469546593 (28), -0.0890705148877 (32), -0.0744007377487 (37)
GTTT, 2.000, 0.991480692349 (124), 0.324635435147 (79), 0.185098714734 (136), 0.14746173813 (84)
GTTG, 2.000, 0.91007941858 (93), 0.774725166912 (58), 0.100229193216 (66), 0.216843610927 (28)
GTTC, 2.000, 0.819754640322 (72), 0.901768975825 (42), -0.0626840728528 (48), 0.0707777885852 (34)
GTGA, 2.000, 0.849266876355 (74), 0.679679536708 (44), 0.133351879569 (70), 0.0998065381544 (43)
GTGT, 2.000, 0.689620471278 (118), 0.558859371507 (60), 0.355060000327 (61), 0.224792290968 (35)
GTGG, 2.000, 0.62470647502 (237), 0.116337401926 (132), 0.611127248303 (184), 0.302194802963 (129)
GTGC, 2.000, 0.754253909398 (134), 0.672061616191 (84), 0.709130457114 (94), 0.52611662532 (56)
GTCA, 2.000, 0.997049202166 (81), 0.0612181713554 (49), 0.184080209019 (60), 0.600072824106 (43)
GTCT, 2.000, 0.965627616041 (74), 0.279584171238 (58), 0.366742547517 (74), -0.0531357144701 (47)
GTCG, 1.000, 0.803862090664 (25), 0.380636482964 (25), -0.007983270032 (25), 0 (5)
GTCC, 2.000, 0.542178929033 (102), 0.821547521563 (57), 0.76908285587 (89), -0.057475148629 (57)
GGAA, 2.000, 0.71433820137 (217), 0.803188392099 (124), 0.259982095966 (158), 0.178883974725 (106)
GGAT, 2.000, 0.151032100984 (79), 0.772467941821 (44), 0.191234645441 (58), 0.121446480197 (29)
GGAG, 2.000, 0.388422667119 (428), 0.77135448352 (291), 0.560965328384 (323), 0.0461585737379 (205)
GGAC, 1.000, 0.0469797070272 (215), 0.218059466205 (128), 0.370088253626 (157), 0.167676551723 (102)
GGTA, 1.000, 0.0987667092833 (60), 0.445589401159 (31), 0.0976770246726 (42), 0.350425389537 (19)
GGTT, 1.000, 0.0176483014591 (123), 0.295375482318 (67), 0.0548613219487 (81), 0.695681243633 (74)
GGTG, 2.000, 0.665505058017 (197), 0.870303009176 (119), 0.400708372259 (144), 0.449634669074 (101)
GGTC, 2.000, 0.728211808843 (89), 0.278908362139 (67), 0.0434182021991 (61), 0.121475034418 (50)
GGGA, 1.000, 0.0947530722668 (475), 0.164556895605 (291), 0.0445858397105 (385), -0.0410533272603 (294)
GGGT, 1.000, 0.539486239829 (213), 0.69616333345 (156), 0.175661771014 (161), 0.340457958574 (115)
GGGG, 1.000, 0.0969550267687 (632), 0.0604149014764 (387), 0.119958366566 (448), 0.0377007208115 (342)
GGGC, 1.000, 0.136453753759 (725), 0.304597883199 (506), 0.036759338765 (607), -0.0069729671741 (414)
GGCA, 2.000, 0.745441701252 (223), 0.636648497107 (154), 0.345067386918 (178), 0.584278853262 (108)
GGCT, 2.000, 0.299584750715 (216), 0.163072605734 (156), 0.162944006877 (200), 0.0857338846948 (142)
GGCG, 1.000, 0.0120424119033 (235), 0.16054125409 (167), 0.381553057745 (160), -0.0251882471673 (96)
GGCC, 2.000, 0.695662988911 (399), 0.737675587256 (273), 0.488308561877 (384), 0.00589837507712 (236)
GCAA, 2.000, 0.405277361771 (94), 0.838757667238 (63), 0.0502114539792 (50), 0.410003900312 (45)
GCAT, 2.000, 0.996911265593 (92), 0.532707066989 (40), 0.126238221283 (83), 0.973443356144 (40)
GCAG, 2.000, 0.93050383624 (451), 0.408117146614 (273), 0.60750265417 (300), 0.0140408944526 (185)
GCAC, 2.000, 0.822684000454 (102), 0.436305653748 (74), 0.0630595504407 (105), 0.237223731722 (59)
GCTA, 1.000, 0.0690084661212 (32), -0.0562216883497 (26), 0.113031599076 (29), 0.325427546612 (25)
GCTT, 2.000, 0.952097376295 (122), 0.549363208195 (76), 0.81867171326 (101), 0.247227509795 (57)
GCTG, 2.000, 0.74997653106 (530), 0.845603962034 (288), 0.173881265029 (357), 0.206950876458 (215)
GCTC, 2.000, 0.950530379238 (224), 0.513037697264 (135), 0.133867053839 (158), 0.622204357954 (86)
GCGA, 1.000, -0.0156416397926 (52), 0.354352744126 (36), -0.125478914181 (33), -0.0559628859522 (15)
GCGT, 1.000, -0.0746065499255 (44), -0.137412161512 (25), 0.272469488552 (39), 0.624032123768 (15)
GCGG, 1.000, 0.287190880078 (241), 0.179345443006 (160), 0.438581158691 (140), 0.139087555633 (75)
GCGC, 1.000, 0.524519217765 (112), 0.188413606294 (102), 0.521706682957 (124), 0.498372927707 (60)
GCCA, 2.000, 0.632626867808 (254), 0.663957924752 (209), 0.55361166075 (232), -0.000233948017788 (139)
GCCT, 2.000, 0.532501467744 (247), 0.630161874458 (182), 0.668741566691 (228), -0.0212905975219 (171)
GCCG, 1.000, 0.110355095799 (165), 0.0063348866858 (121), 0.0474570397392 (120), -0.0232694306701 (56)
GCCC, 2.000, 0.580791361321 (363), 0.307884161364 (249), 0.0515715540371 (322), 0.343499462811 (195)
CAAA, 2.000, 0.679607687547 (209), 0.196249199773 (115), 0.173082341068 (146), 0.0999688745299 (140)
CAAT, 2.000, 0.981950993143 (72), 0.581952461379 (48), 0.15251918323 (43), 0.209463989979 (27)
CAAG, 2.000, 0.993919482552 (181), 0.63225724933 (119), 0.574015358737 (153), 0.118403059174 (85)
CAAC, 2.000, 0.936773638658 (82), 0.876195762226 (48), 0.452478959744 (44), -0.0121359426777 (35)
CATA, 2.000, 0.930689000617 (56), 0.476124970067 (39), 0.819330342028 (28), -0.112081000601 (32)
CATT, 2.000, 0.981399074656 (146), 0.574529792112 (84), 0.263054483984 (131), -9.06323558428e-05 (65)
CATG, 2.000, 0.981658471597 (153), 0.754216606493 (75), 0.6205571235 (99), 0.428577945011 (66)
CATC, 2.000, 0.966780826976 (187), 0.345654396659 (121), 0.661341777732 (112), 0.394043986009 (73)
CAGA, 2.000, 0.667866720964 (241), 0.343054586389 (160), 0.439698787401 (231), 0.0460643199479 (136)
CAGT, 2.000, 0.407785627324 (118), 0.816200742869 (93), 0.464739289859 (122), 0.355630780636 (82)
CAGG, 2.000, 0.810356823986 (493), 0.851108793755 (330), 0.32051667901 (442), 0.0106454544239 (260)
CAGC, 2.000, 0.802130714157 (514), 0.518546024191 (332), 0.224221639719 (350), 0.0603462605442 (234)
CACA, 2.000, 0.969594795316 (253), 0.598441990499 (105), 0.0079844176198 (139), 0.30137341128 (95)
CACT, 2.000, 0.992934268528 (94), 0.652694460578 (91), 0.86421539385 (109), 0.0529330364274 (89)
CACG, 2.000, 0.989472234608 (62), 0.933767649384 (28), 0.0465549202404 (42), 0.238522072123 (16)
CACC, 2.000, 0.383354917551 (223), 0.296259560842 (128), 0.869396077808 (164), 0.159472675595 (97)
CTAA, 1.000, 0.0873148492707 (60), 0.157531039493 (35), 0.511755158669 (54), 0.0604074692217 (43)
CTAT, 2.000, 0.698977931066 (36), 0.920148184533 (26), 0.0223843902509 (29), 0.524573805804 (17)
CTAG, 1.000, 0.0230289244274 (34), 0.712118487743 (25), 0.709438198778 (41), 0.179885341797 (27)
CTAC, 2.000, 0.988236823789 (63), 0.494452504762 (32), 0.147393587486 (45), -0.236021654426 (30)
CTTA, 1.000, 0.0125908814677 (66), 0.128838794251 (56), 0.342074718076 (72), -0.0626615886445 (46)
CTTT, 2.000, 0.862208650518 (273), 0.766397205665 (191), 0.699251781126 (225), 0.256912797706 (143)
CTTG, 2.000, 0.950356103357 (158), 0.639364669284 (108), 0.107332516939 (125), 0.394189895662 (81)
CTTC, 2.000, 0.371792368699 (361), 0.40870757934 (241), 0.48011418938 (193), 0.102768980059 (121)
CTGA, 2.000, 0.917174707101 (184), 0.657337133406 (117), 0.43859282676 (161), 0.133332445437 (111)
CTGT, 2.000, 0.270779905163 (169), 0.506237090928 (123), 0.281238145402 (173), 0.768220031846 (114)
CTGG, 2.000, 0.717442297371 (551), 0.876164368897 (422), 0.636113122122 (475), 0.607129449656 (318)
CTGC, 2.000, 0.87443070769 (463), 0.526293725788 (300), 0.255428399122 (339), 0.0889605785204 (190)
CTCA, 2.000, 0.998344535474 (168), 0.939929682828 (113), 0.644388093755 (140), 0.636542282399 (85)
CTCT, 2.000, 0.747236916219 (251), 0.154693874971 (171), 0.430525646253 (190), 0.179884779986 (136)
CTCG, 2.000, 0.954332030527 (68), 0.950670656057 (30), 0.458215661759 (30), 0.941693394366 (19)
CTCC, 2.000, 0.404961917123 (458), 0.943549212639 (275), 0.658003932546 (304), 0.226849960979 (211)
CGAA, 1.000, 0.896745529312 (24), -0.0883561239692 (18), -0.0902664120601 (18), 0 (8)
CGAT, 1.000, 0.853995354219 (16), -0.117060525139 (11), 0.826423911163 (14), 0 (3)
CGAG, 1.000, 0.625787284032 (92), 0.0942762356334 (45), -0.0273786195677 (57), 0.0266067669394 (28)
CGAC, 1.000, 0.814650889029 (38), -0.201690721421 (22), -0.142105889497 (28), 0.0926973079133 (12)
CGTA, 1.000, -0.14704107003 (13), 0 (9), 0 (5), 0 (1)
CGTT, 1.000, -0.172578672638 (18), 0 (8), -0.0832082074078 (11), 0.005723030822 (12)
CGTG, 2.000, 0.1690848156 (52), 0.0181906209154 (44), 0.914588878799 (39), 0.0451012970801 (25)
CGTC, 1.000, -0.0297585805208 (44), 0.38189276677 (17), 0.446061092327 (30), -0.148834479562 (17)
CGGA, 1.000, -0.0217229335032 (75), 0.263095187036 (59), 0.165775768493 (59), 0.0554331497763 (29)
CGGT, 1.000, 0.603442389274 (34), 0.326533172232 (21), -0.0666333572885 (34), -0.173501938317 (16)
CGGG, 1.000, 0.658241494306 (266), 0.0164616603492 (134), 0.0125901778446 (162), 0.353436850545 (88)
CGGC, 1.000, 0.426796693111 (209), 0.0629347160869 (137), 0.207747430994 (165), -0.120792691889 (79)
CGCA, 1.000, 0.399168575903 (68), -0.0563066938161 (40), 0.0132168617585 (53), 0.127147842511 (28)
CGCT, 2.000, 0.910482526981 (57), 0.753659993681 (35), 0.647098288646 (41), 0.555214746937 (17)
CGCG, 1.000, 0.474953786902 (64), 0.461959949541 (52), -0.0564466910089 (47), 0.018117961041 (23)
CGCC, 1.000, 0.197503524317 (202), 0.212425604268 (130), 0.0322417019913 (159), 0.568997210559 (79)
CCAA, 2.000, 0.752797694672 (145), 0.442989096197 (91), 0.67013632111 (112), 0.260646294255 (68)
CCAT, 2.000, 0.320095657444 (116), 0.862019269846 (80), 0.295073958058 (110), 0.0745532459218 (62)
CCAG, 2.000, 0.905556885039 (554), 0.646310818892 (399), 0.366437053824 (473), 0.0799069627839 (310)
CCAC, 2.000, 0.436234936616 (261), 0.689486051608 (178), 0.60537019409 (204), 0.415776426417 (109)
CCTA, 1.000, 0.972218696001 (65), -0.100973978445 (34), 0.0979350933278 (55), 0.0450722361479 (36)
CCTT, 2.000, 0.710263801221 (197), 0.95506622126 (132), 0.779948466875 (139), 0.116747874223 (97)
CCTG, 2.000, 0.89297859692 (484), 0.704317966161 (375), 0.574432095207 (445), 0.550470392962 (305)
CCTC, 2.000, 0.386340138952 (430), 0.508228828775 (258), 0.61747114899 (288), 0.266524616052 (186)
CCGA, 1.000, 0.627922818868 (61), 0.915549326532 (30), 0.195014378931 (40), -0.179048241892 (17)
CCGT, 1.000, -0.0978637312044 (37), 0.947956998418 (17), 0.420131199379 (35), 0.0112097878921 (17)
CCGG, 1.000, 0.443111918893 (176), -0.00404122865083 (116), -0.0252300618556 (141), -0.0622939197692 (84)
CCGC, 1.000, 0.430296602528 (260), 0.218070255444 (168), 0.102709393015 (156), -0.103522177586 (73)
CCCA, 2.000, 0.580239129566 (331), 0.753040906405 (238), 0.529152700604 (297), 0.315854204055 (203)
CCCT, 2.000, 0.259916615678 (324), 0.526246466685 (185), 0.853033460813 (275), 0.273340539091 (223)
CCCG, 1.000, 0.00328713189506 (231), -0.0208300241051 (143), 0.371724706445 (157), -0.0200753305314 (103)
CCCC, 1.000, 0.24924161885 (466), 0.131142206362 (263), 0.423372819687 (350), 0.0992983759965 (254)
